# carrier,product,state,age,sex,smoker,term_years,face_band_min,face_band_max,health_class,rate_per_thousand,policy_fee_annual,modal_monthly_factor,monthly_premium,face_amount,source_file,source_date
# AmAm Easy Term rows parsed from Form 3350 — generated 2026-06-13
carrier,product,state,age,sex,smoker,term_years,face_band_min,face_band_max,health_class,rate_per_thousand,policy_fee_annual,modal_monthly_factor,monthly_premium,face_amount,source_file,source_date
amam,easy_term,NE,18,female,0,10,100000,100000,standard_nt,,60,0.094,15.89,100000,Form_3350_8-22.pdf,2022-08-01
amam,easy_term,NE,18,female,0,10,150000,150000,standard_nt,,60,0.094,21.01,150000,Form_3350_8-22.pdf,2022-08-01
amam,easy_term,NE,18,female,0,10,200000,200000,standard_nt,,60,0.094,26.14,200000,Form_3350_8-22.pdf,2022-08-01
amam,easy_term,NE,18,female,0,10,250000,250000,standard_nt,,60,0.094,31.26,250000,Form_3350_8-22.pdf,2022-08-01
amam,easy_term,NE,18,female,0,10,300000,300000,standard_nt,,60,0.094,36.38,300000,Form_3350_8-22.pdf,2022-08-01
amam,easy_term,NE,18,female,0,10,400000,400000,standard_nt,,60,0.094,46.63,400000,Form_3350_8-22.pdf,2022-08-01
amam,easy_term,NE,18,female,0,10,500000,500000,standard_nt,,60,0.094,56.87,500000,Form_3350_8-22.pdf,2022-08-01
amam,easy_term,NE,18,female,1,10,100000,100000,standard_t,,60,0.094,21.53,100000,Form_3350_8-22.pdf,2022-08-01
amam,easy_term,NE,18,female,1,10,150000,150000,standard_t,,60,0.094,29.47,150000,Form_3350_8-22.pdf,2022-08-01
amam,easy_term,NE,18,female,1,10,200000,200000,standard_t,,60,0.094,37.42,200000,Form_3350_8-22.pdf,2022-08-01
amam,easy_term,NE,18,female,1,10,250000,250000,standard_t,,60,0.094,45.36,250000,Form_3350_8-22.pdf,2022-08-01
amam,easy_term,NE,18,female,1,10,300000,300000,standard_t,,60,0.094,53.30,300000,Form_3350_8-22.pdf,2022-08-01
amam,easy_term,NE,18,female,1,10,400000,400000,standard_t,,60,0.094,69.19,400000,Form_3350_8-22.pdf,2022-08-01
amam,easy_term,NE,18,female,1,10,500000,500000,standard_t,,60,0.094,85.07,500000,Form_3350_8-22.pdf,2022-08-01
amam,easy_term,NE,19,female,0,10,100000,100000,standard_nt,,60,0.094,15.98,100000,Form_3350_8-22.pdf,2022-08-01
amam,easy_term,NE,19,female,0,10,150000,150000,standard_nt,,60,0.094,21.15,150000,Form_3350_8-22.pdf,2022-08-01
amam,easy_term,NE,19,female,0,10,200000,200000,standard_nt,,60,0.094,26.32,200000,Form_3350_8-22.pdf,2022-08-01
amam,easy_term,NE,19,female,0,10,250000,250000,standard_nt,,60,0.094,31.49,250000,Form_3350_8-22.pdf,2022-08-01
amam,easy_term,NE,19,female,0,10,300000,300000,standard_nt,,60,0.094,36.66,300000,Form_3350_8-22.pdf,2022-08-01
amam,easy_term,NE,19,female,0,10,400000,400000,standard_nt,,60,0.094,47.00,400000,Form_3350_8-22.pdf,2022-08-01
amam,easy_term,NE,19,female,0,10,500000,500000,standard_nt,,60,0.094,57.34,500000,Form_3350_8-22.pdf,2022-08-01
amam,easy_term,NE,19,female,1,10,100000,100000,standard_t,,60,0.094,21.62,100000,Form_3350_8-22.pdf,2022-08-01
amam,easy_term,NE,19,female,1,10,150000,150000,standard_t,,60,0.094,29.61,150000,Form_3350_8-22.pdf,2022-08-01
amam,easy_term,NE,19,female,1,10,200000,200000,standard_t,,60,0.094,37.60,200000,Form_3350_8-22.pdf,2022-08-01
amam,easy_term,NE,19,female,1,10,250000,250000,standard_t,,60,0.094,45.59,250000,Form_3350_8-22.pdf,2022-08-01
amam,easy_term,NE,19,female,1,10,300000,300000,standard_t,,60,0.094,53.58,300000,Form_3350_8-22.pdf,2022-08-01
amam,easy_term,NE,19,female,1,10,400000,400000,standard_t,,60,0.094,69.56,400000,Form_3350_8-22.pdf,2022-08-01
amam,easy_term,NE,19,female,1,10,500000,500000,standard_t,,60,0.094,85.54,500000,Form_3350_8-22.pdf,2022-08-01
amam,easy_term,NE,20,female,0,10,100000,100000,standard_nt,,60,0.094,16.08,100000,Form_3350_8-22.pdf,2022-08-01
amam,easy_term,NE,20,female,0,10,150000,150000,standard_nt,,60,0.094,21.30,150000,Form_3350_8-22.pdf,2022-08-01
amam,easy_term,NE,20,female,0,10,200000,200000,standard_nt,,60,0.094,26.51,200000,Form_3350_8-22.pdf,2022-08-01
amam,easy_term,NE,20,female,0,10,250000,250000,standard_nt,,60,0.094,31.73,250000,Form_3350_8-22.pdf,2022-08-01
amam,easy_term,NE,20,female,0,10,300000,300000,standard_nt,,60,0.094,36.95,300000,Form_3350_8-22.pdf,2022-08-01
amam,easy_term,NE,20,female,0,10,400000,400000,standard_nt,,60,0.094,47.38,400000,Form_3350_8-22.pdf,2022-08-01
amam,easy_term,NE,20,female,0,10,500000,500000,standard_nt,,60,0.094,57.81,500000,Form_3350_8-22.pdf,2022-08-01
amam,easy_term,NE,20,female,1,10,100000,100000,standard_t,,60,0.094,21.72,100000,Form_3350_8-22.pdf,2022-08-01
amam,easy_term,NE,20,female,1,10,150000,150000,standard_t,,60,0.094,29.76,150000,Form_3350_8-22.pdf,2022-08-01
amam,easy_term,NE,20,female,1,10,200000,200000,standard_t,,60,0.094,37.79,200000,Form_3350_8-22.pdf,2022-08-01
amam,easy_term,NE,20,female,1,10,250000,250000,standard_t,,60,0.094,45.83,250000,Form_3350_8-22.pdf,2022-08-01
amam,easy_term,NE,20,female,1,10,300000,300000,standard_t,,60,0.094,53.87,300000,Form_3350_8-22.pdf,2022-08-01
amam,easy_term,NE,20,female,1,10,400000,400000,standard_t,,60,0.094,69.94,400000,Form_3350_8-22.pdf,2022-08-01
amam,easy_term,NE,20,female,1,10,500000,500000,standard_t,,60,0.094,86.01,500000,Form_3350_8-22.pdf,2022-08-01
amam,easy_term,NE,21,female,0,10,100000,100000,standard_nt,,60,0.094,16.17,100000,Form_3350_8-22.pdf,2022-08-01
amam,easy_term,NE,21,female,0,10,150000,150000,standard_nt,,60,0.094,21.44,150000,Form_3350_8-22.pdf,2022-08-01
amam,easy_term,NE,21,female,0,10,200000,200000,standard_nt,,60,0.094,26.70,200000,Form_3350_8-22.pdf,2022-08-01
amam,easy_term,NE,21,female,0,10,250000,250000,standard_nt,,60,0.094,31.96,250000,Form_3350_8-22.pdf,2022-08-01
amam,easy_term,NE,21,female,0,10,300000,300000,standard_nt,,60,0.094,37.23,300000,Form_3350_8-22.pdf,2022-08-01
amam,easy_term,NE,21,female,0,10,400000,400000,standard_nt,,60,0.094,47.76,400000,Form_3350_8-22.pdf,2022-08-01
amam,easy_term,NE,21,female,0,10,500000,500000,standard_nt,,60,0.094,58.28,500000,Form_3350_8-22.pdf,2022-08-01
amam,easy_term,NE,21,female,1,10,100000,100000,standard_t,,60,0.094,21.81,100000,Form_3350_8-22.pdf,2022-08-01
amam,easy_term,NE,21,female,1,10,150000,150000,standard_t,,60,0.094,29.90,150000,Form_3350_8-22.pdf,2022-08-01
amam,easy_term,NE,21,female,1,10,200000,200000,standard_t,,60,0.094,37.98,200000,Form_3350_8-22.pdf,2022-08-01
amam,easy_term,NE,21,female,1,10,250000,250000,standard_t,,60,0.094,46.06,250000,Form_3350_8-22.pdf,2022-08-01
amam,easy_term,NE,21,female,1,10,300000,300000,standard_t,,60,0.094,54.15,300000,Form_3350_8-22.pdf,2022-08-01
amam,easy_term,NE,21,female,1,10,400000,400000,standard_t,,60,0.094,70.32,400000,Form_3350_8-22.pdf,2022-08-01
amam,easy_term,NE,21,female,1,10,500000,500000,standard_t,,60,0.094,86.48,500000,Form_3350_8-22.pdf,2022-08-01
amam,easy_term,NE,22,female,0,10,100000,100000,standard_nt,,60,0.094,16.27,100000,Form_3350_8-22.pdf,2022-08-01
amam,easy_term,NE,22,female,0,10,150000,150000,standard_nt,,60,0.094,21.58,150000,Form_3350_8-22.pdf,2022-08-01
amam,easy_term,NE,22,female,0,10,200000,200000,standard_nt,,60,0.094,26.89,200000,Form_3350_8-22.pdf,2022-08-01
amam,easy_term,NE,22,female,0,10,250000,250000,standard_nt,,60,0.094,32.20,250000,Form_3350_8-22.pdf,2022-08-01
amam,easy_term,NE,22,female,0,10,300000,300000,standard_nt,,60,0.094,37.51,300000,Form_3350_8-22.pdf,2022-08-01
amam,easy_term,NE,22,female,0,10,400000,400000,standard_nt,,60,0.094,48.13,400000,Form_3350_8-22.pdf,2022-08-01
amam,easy_term,NE,22,female,0,10,500000,500000,standard_nt,,60,0.094,58.75,500000,Form_3350_8-22.pdf,2022-08-01
amam,easy_term,NE,22,female,1,10,100000,100000,standard_t,,60,0.094,22.00,100000,Form_3350_8-22.pdf,2022-08-01
amam,easy_term,NE,22,female,1,10,150000,150000,standard_t,,60,0.094,30.18,150000,Form_3350_8-22.pdf,2022-08-01
amam,easy_term,NE,22,female,1,10,200000,200000,standard_t,,60,0.094,38.36,200000,Form_3350_8-22.pdf,2022-08-01
amam,easy_term,NE,22,female,1,10,250000,250000,standard_t,,60,0.094,46.53,250000,Form_3350_8-22.pdf,2022-08-01
amam,easy_term,NE,22,female,1,10,300000,300000,standard_t,,60,0.094,54.71,300000,Form_3350_8-22.pdf,2022-08-01
amam,easy_term,NE,22,female,1,10,400000,400000,standard_t,,60,0.094,71.07,400000,Form_3350_8-22.pdf,2022-08-01
amam,easy_term,NE,22,female,1,10,500000,500000,standard_t,,60,0.094,87.42,500000,Form_3350_8-22.pdf,2022-08-01
amam,easy_term,NE,23,female,0,10,100000,100000,standard_nt,,60,0.094,16.36,100000,Form_3350_8-22.pdf,2022-08-01
amam,easy_term,NE,23,female,0,10,150000,150000,standard_nt,,60,0.094,21.72,150000,Form_3350_8-22.pdf,2022-08-01
amam,easy_term,NE,23,female,0,10,200000,200000,standard_nt,,60,0.094,27.08,200000,Form_3350_8-22.pdf,2022-08-01
amam,easy_term,NE,23,female,0,10,250000,250000,standard_nt,,60,0.094,32.43,250000,Form_3350_8-22.pdf,2022-08-01
amam,easy_term,NE,23,female,0,10,300000,300000,standard_nt,,60,0.094,37.79,300000,Form_3350_8-22.pdf,2022-08-01
amam,easy_term,NE,23,female,0,10,400000,400000,standard_nt,,60,0.094,48.51,400000,Form_3350_8-22.pdf,2022-08-01
amam,easy_term,NE,23,female,0,10,500000,500000,standard_nt,,60,0.094,59.22,500000,Form_3350_8-22.pdf,2022-08-01
amam,easy_term,NE,23,female,1,10,100000,100000,standard_t,,60,0.094,22.28,100000,Form_3350_8-22.pdf,2022-08-01
amam,easy_term,NE,23,female,1,10,150000,150000,standard_t,,60,0.094,30.60,150000,Form_3350_8-22.pdf,2022-08-01
amam,easy_term,NE,23,female,1,10,200000,200000,standard_t,,60,0.094,38.92,200000,Form_3350_8-22.pdf,2022-08-01
amam,easy_term,NE,23,female,1,10,250000,250000,standard_t,,60,0.094,47.24,250000,Form_3350_8-22.pdf,2022-08-01
amam,easy_term,NE,23,female,1,10,300000,300000,standard_t,,60,0.094,55.56,300000,Form_3350_8-22.pdf,2022-08-01
amam,easy_term,NE,23,female,1,10,400000,400000,standard_t,,60,0.094,72.20,400000,Form_3350_8-22.pdf,2022-08-01
amam,easy_term,NE,23,female,1,10,500000,500000,standard_t,,60,0.094,88.83,500000,Form_3350_8-22.pdf,2022-08-01
amam,easy_term,NE,24,female,0,10,100000,100000,standard_nt,,60,0.094,16.45,100000,Form_3350_8-22.pdf,2022-08-01
amam,easy_term,NE,24,female,0,10,150000,150000,standard_nt,,60,0.094,21.86,150000,Form_3350_8-22.pdf,2022-08-01
amam,easy_term,NE,24,female,0,10,200000,200000,standard_nt,,60,0.094,27.26,200000,Form_3350_8-22.pdf,2022-08-01
amam,easy_term,NE,24,female,0,10,250000,250000,standard_nt,,60,0.094,32.67,250000,Form_3350_8-22.pdf,2022-08-01
amam,easy_term,NE,24,female,0,10,300000,300000,standard_nt,,60,0.094,38.07,300000,Form_3350_8-22.pdf,2022-08-01
amam,easy_term,NE,24,female,0,10,400000,400000,standard_nt,,60,0.094,48.88,400000,Form_3350_8-22.pdf,2022-08-01
amam,easy_term,NE,24,female,0,10,500000,500000,standard_nt,,60,0.094,59.69,500000,Form_3350_8-22.pdf,2022-08-01
amam,easy_term,NE,24,female,1,10,100000,100000,standard_t,,60,0.094,22.75,100000,Form_3350_8-22.pdf,2022-08-01
amam,easy_term,NE,24,female,1,10,150000,150000,standard_t,,60,0.094,31.31,150000,Form_3350_8-22.pdf,2022-08-01
amam,easy_term,NE,24,female,1,10,200000,200000,standard_t,,60,0.094,39.86,200000,Form_3350_8-22.pdf,2022-08-01
amam,easy_term,NE,24,female,1,10,250000,250000,standard_t,,60,0.094,48.41,250000,Form_3350_8-22.pdf,2022-08-01
amam,easy_term,NE,24,female,1,10,300000,300000,standard_t,,60,0.094,56.97,300000,Form_3350_8-22.pdf,2022-08-01
amam,easy_term,NE,24,female,1,10,400000,400000,standard_t,,60,0.094,74.08,400000,Form_3350_8-22.pdf,2022-08-01
amam,easy_term,NE,24,female,1,10,500000,500000,standard_t,,60,0.094,91.18,500000,Form_3350_8-22.pdf,2022-08-01
amam,easy_term,NE,25,female,0,10,100000,100000,standard_nt,,60,0.094,16.55,100000,Form_3350_8-22.pdf,2022-08-01
amam,easy_term,NE,25,female,0,10,150000,150000,standard_nt,,60,0.094,22.00,150000,Form_3350_8-22.pdf,2022-08-01
amam,easy_term,NE,25,female,0,10,200000,200000,standard_nt,,60,0.094,27.45,200000,Form_3350_8-22.pdf,2022-08-01
amam,easy_term,NE,25,female,0,10,250000,250000,standard_nt,,60,0.094,32.90,250000,Form_3350_8-22.pdf,2022-08-01
amam,easy_term,NE,25,female,0,10,300000,300000,standard_nt,,60,0.094,38.36,300000,Form_3350_8-22.pdf,2022-08-01
amam,easy_term,NE,25,female,0,10,400000,400000,standard_nt,,60,0.094,49.26,400000,Form_3350_8-22.pdf,2022-08-01
amam,easy_term,NE,25,female,0,10,500000,500000,standard_nt,,60,0.094,60.16,500000,Form_3350_8-22.pdf,2022-08-01
amam,easy_term,NE,25,female,1,10,100000,100000,standard_t,,60,0.094,23.32,100000,Form_3350_8-22.pdf,2022-08-01
amam,easy_term,NE,25,female,1,10,150000,150000,standard_t,,60,0.094,32.15,150000,Form_3350_8-22.pdf,2022-08-01
amam,easy_term,NE,25,female,1,10,200000,200000,standard_t,,60,0.094,40.99,200000,Form_3350_8-22.pdf,2022-08-01
amam,easy_term,NE,25,female,1,10,250000,250000,standard_t,,60,0.094,49.82,250000,Form_3350_8-22.pdf,2022-08-01
amam,easy_term,NE,25,female,1,10,300000,300000,standard_t,,60,0.094,58.66,300000,Form_3350_8-22.pdf,2022-08-01
amam,easy_term,NE,25,female,1,10,400000,400000,standard_t,,60,0.094,76.33,400000,Form_3350_8-22.pdf,2022-08-01
amam,easy_term,NE,25,female,1,10,500000,500000,standard_t,,60,0.094,94.00,500000,Form_3350_8-22.pdf,2022-08-01
amam,easy_term,NE,26,female,0,10,100000,100000,standard_nt,,60,0.094,16.64,100000,Form_3350_8-22.pdf,2022-08-01
amam,easy_term,NE,26,female,0,10,150000,150000,standard_nt,,60,0.094,22.14,150000,Form_3350_8-22.pdf,2022-08-01
amam,easy_term,NE,26,female,0,10,200000,200000,standard_nt,,60,0.094,27.64,200000,Form_3350_8-22.pdf,2022-08-01
amam,easy_term,NE,26,female,0,10,250000,250000,standard_nt,,60,0.094,33.14,250000,Form_3350_8-22.pdf,2022-08-01
amam,easy_term,NE,26,female,0,10,300000,300000,standard_nt,,60,0.094,38.64,300000,Form_3350_8-22.pdf,2022-08-01
amam,easy_term,NE,26,female,0,10,400000,400000,standard_nt,,60,0.094,49.64,400000,Form_3350_8-22.pdf,2022-08-01
amam,easy_term,NE,26,female,0,10,500000,500000,standard_nt,,60,0.094,60.63,500000,Form_3350_8-22.pdf,2022-08-01
amam,easy_term,NE,26,female,1,10,100000,100000,standard_t,,60,0.094,23.97,100000,Form_3350_8-22.pdf,2022-08-01
amam,easy_term,NE,26,female,1,10,150000,150000,standard_t,,60,0.094,33.14,150000,Form_3350_8-22.pdf,2022-08-01
amam,easy_term,NE,26,female,1,10,200000,200000,standard_t,,60,0.094,42.30,200000,Form_3350_8-22.pdf,2022-08-01
amam,easy_term,NE,26,female,1,10,250000,250000,standard_t,,60,0.094,51.47,250000,Form_3350_8-22.pdf,2022-08-01
amam,easy_term,NE,26,female,1,10,300000,300000,standard_t,,60,0.094,60.63,300000,Form_3350_8-22.pdf,2022-08-01
amam,easy_term,NE,26,female,1,10,400000,400000,standard_t,,60,0.094,78.96,400000,Form_3350_8-22.pdf,2022-08-01
amam,easy_term,NE,26,female,1,10,500000,500000,standard_t,,60,0.094,97.29,500000,Form_3350_8-22.pdf,2022-08-01
amam,easy_term,NE,27,female,0,10,100000,100000,standard_nt,,60,0.094,16.83,100000,Form_3350_8-22.pdf,2022-08-01
amam,easy_term,NE,27,female,0,10,150000,150000,standard_nt,,60,0.094,22.42,150000,Form_3350_8-22.pdf,2022-08-01
amam,easy_term,NE,27,female,0,10,200000,200000,standard_nt,,60,0.094,28.02,200000,Form_3350_8-22.pdf,2022-08-01
amam,easy_term,NE,27,female,0,10,250000,250000,standard_nt,,60,0.094,33.61,250000,Form_3350_8-22.pdf,2022-08-01
amam,easy_term,NE,27,female,0,10,300000,300000,standard_nt,,60,0.094,39.20,300000,Form_3350_8-22.pdf,2022-08-01
amam,easy_term,NE,27,female,0,10,400000,400000,standard_nt,,60,0.094,50.39,400000,Form_3350_8-22.pdf,2022-08-01
amam,easy_term,NE,27,female,0,10,500000,500000,standard_nt,,60,0.094,61.57,500000,Form_3350_8-22.pdf,2022-08-01
amam,easy_term,NE,27,female,1,10,100000,100000,standard_t,,60,0.094,24.73,100000,Form_3350_8-22.pdf,2022-08-01
amam,easy_term,NE,27,female,1,10,150000,150000,standard_t,,60,0.094,34.27,150000,Form_3350_8-22.pdf,2022-08-01
amam,easy_term,NE,27,female,1,10,200000,200000,standard_t,,60,0.094,43.81,200000,Form_3350_8-22.pdf,2022-08-01
amam,easy_term,NE,27,female,1,10,250000,250000,standard_t,,60,0.094,53.35,250000,Form_3350_8-22.pdf,2022-08-01
amam,easy_term,NE,27,female,1,10,300000,300000,standard_t,,60,0.094,62.89,300000,Form_3350_8-22.pdf,2022-08-01
amam,easy_term,NE,27,female,1,10,400000,400000,standard_t,,60,0.094,81.97,400000,Form_3350_8-22.pdf,2022-08-01
amam,easy_term,NE,27,female,1,10,500000,500000,standard_t,,60,0.094,101.05,500000,Form_3350_8-22.pdf,2022-08-01
amam,easy_term,NE,28,female,0,10,100000,100000,standard_nt,,60,0.094,17.11,100000,Form_3350_8-22.pdf,2022-08-01
amam,easy_term,NE,28,female,0,10,150000,150000,standard_nt,,60,0.094,22.85,150000,Form_3350_8-22.pdf,2022-08-01
amam,easy_term,NE,28,female,0,10,200000,200000,standard_nt,,60,0.094,28.58,200000,Form_3350_8-22.pdf,2022-08-01
amam,easy_term,NE,28,female,0,10,250000,250000,standard_nt,,60,0.094,34.31,250000,Form_3350_8-22.pdf,2022-08-01
amam,easy_term,NE,28,female,0,10,300000,300000,standard_nt,,60,0.094,40.05,300000,Form_3350_8-22.pdf,2022-08-01
amam,easy_term,NE,28,female,0,10,400000,400000,standard_nt,,60,0.094,51.52,400000,Form_3350_8-22.pdf,2022-08-01
amam,easy_term,NE,28,female,0,10,500000,500000,standard_nt,,60,0.094,62.98,500000,Form_3350_8-22.pdf,2022-08-01
amam,easy_term,NE,28,female,1,10,100000,100000,standard_t,,60,0.094,25.57,100000,Form_3350_8-22.pdf,2022-08-01
amam,easy_term,NE,28,female,1,10,150000,150000,standard_t,,60,0.094,35.54,150000,Form_3350_8-22.pdf,2022-08-01
amam,easy_term,NE,28,female,1,10,200000,200000,standard_t,,60,0.094,45.50,200000,Form_3350_8-22.pdf,2022-08-01
amam,easy_term,NE,28,female,1,10,250000,250000,standard_t,,60,0.094,55.46,250000,Form_3350_8-22.pdf,2022-08-01
amam,easy_term,NE,28,female,1,10,300000,300000,standard_t,,60,0.094,65.43,300000,Form_3350_8-22.pdf,2022-08-01
amam,easy_term,NE,28,female,1,10,400000,400000,standard_t,,60,0.094,85.36,400000,Form_3350_8-22.pdf,2022-08-01
amam,easy_term,NE,28,female,1,10,500000,500000,standard_t,,60,0.094,105.28,500000,Form_3350_8-22.pdf,2022-08-01
amam,easy_term,NE,29,female,0,10,100000,100000,standard_nt,,60,0.094,17.39,100000,Form_3350_8-22.pdf,2022-08-01
amam,easy_term,NE,29,female,0,10,150000,150000,standard_nt,,60,0.094,23.27,150000,Form_3350_8-22.pdf,2022-08-01
amam,easy_term,NE,29,female,0,10,200000,200000,standard_nt,,60,0.094,29.14,200000,Form_3350_8-22.pdf,2022-08-01
amam,easy_term,NE,29,female,0,10,250000,250000,standard_nt,,60,0.094,35.02,250000,Form_3350_8-22.pdf,2022-08-01
amam,easy_term,NE,29,female,0,10,300000,300000,standard_nt,,60,0.094,40.89,300000,Form_3350_8-22.pdf,2022-08-01
amam,easy_term,NE,29,female,0,10,400000,400000,standard_nt,,60,0.094,52.64,400000,Form_3350_8-22.pdf,2022-08-01
amam,easy_term,NE,29,female,0,10,500000,500000,standard_nt,,60,0.094,64.39,500000,Form_3350_8-22.pdf,2022-08-01
amam,easy_term,NE,29,female,1,10,100000,100000,standard_t,,60,0.094,26.51,100000,Form_3350_8-22.pdf,2022-08-01
amam,easy_term,NE,29,female,1,10,150000,150000,standard_t,,60,0.094,36.95,150000,Form_3350_8-22.pdf,2022-08-01
amam,easy_term,NE,29,female,1,10,200000,200000,standard_t,,60,0.094,47.38,200000,Form_3350_8-22.pdf,2022-08-01
amam,easy_term,NE,29,female,1,10,250000,250000,standard_t,,60,0.094,57.81,250000,Form_3350_8-22.pdf,2022-08-01
amam,easy_term,NE,29,female,1,10,300000,300000,standard_t,,60,0.094,68.25,300000,Form_3350_8-22.pdf,2022-08-01
amam,easy_term,NE,29,female,1,10,400000,400000,standard_t,,60,0.094,89.12,400000,Form_3350_8-22.pdf,2022-08-01
amam,easy_term,NE,29,female,1,10,500000,500000,standard_t,,60,0.094,109.98,500000,Form_3350_8-22.pdf,2022-08-01
amam,easy_term,NE,30,female,0,10,100000,100000,standard_nt,,60,0.094,17.77,100000,Form_3350_8-22.pdf,2022-08-01
amam,easy_term,NE,30,female,0,10,150000,150000,standard_nt,,60,0.094,23.83,150000,Form_3350_8-22.pdf,2022-08-01
amam,easy_term,NE,30,female,0,10,200000,200000,standard_nt,,60,0.094,29.90,200000,Form_3350_8-22.pdf,2022-08-01
amam,easy_term,NE,30,female,0,10,250000,250000,standard_nt,,60,0.094,35.96,250000,Form_3350_8-22.pdf,2022-08-01
amam,easy_term,NE,30,female,0,10,300000,300000,standard_nt,,60,0.094,42.02,300000,Form_3350_8-22.pdf,2022-08-01
amam,easy_term,NE,30,female,0,10,400000,400000,standard_nt,,60,0.094,54.15,400000,Form_3350_8-22.pdf,2022-08-01
amam,easy_term,NE,30,female,0,10,500000,500000,standard_nt,,60,0.094,66.27,500000,Form_3350_8-22.pdf,2022-08-01
amam,easy_term,NE,30,female,1,10,100000,100000,standard_t,,60,0.094,27.64,100000,Form_3350_8-22.pdf,2022-08-01
amam,easy_term,NE,30,female,1,10,150000,150000,standard_t,,60,0.094,38.64,150000,Form_3350_8-22.pdf,2022-08-01
amam,easy_term,NE,30,female,1,10,200000,200000,standard_t,,60,0.094,49.64,200000,Form_3350_8-22.pdf,2022-08-01
amam,easy_term,NE,30,female,1,10,250000,250000,standard_t,,60,0.094,60.63,250000,Form_3350_8-22.pdf,2022-08-01
amam,easy_term,NE,30,female,1,10,300000,300000,standard_t,,60,0.094,71.63,300000,Form_3350_8-22.pdf,2022-08-01
amam,easy_term,NE,30,female,1,10,400000,400000,standard_t,,60,0.094,93.63,400000,Form_3350_8-22.pdf,2022-08-01
amam,easy_term,NE,30,female,1,10,500000,500000,standard_t,,60,0.094,115.62,500000,Form_3350_8-22.pdf,2022-08-01
amam,easy_term,NE,31,female,0,10,100000,100000,standard_nt,,60,0.094,18.15,100000,Form_3350_8-22.pdf,2022-08-01
amam,easy_term,NE,31,female,0,10,150000,150000,standard_nt,,60,0.094,24.40,150000,Form_3350_8-22.pdf,2022-08-01
amam,easy_term,NE,31,female,0,10,200000,200000,standard_nt,,60,0.094,30.65,200000,Form_3350_8-22.pdf,2022-08-01
amam,easy_term,NE,31,female,0,10,250000,250000,standard_nt,,60,0.094,36.90,250000,Form_3350_8-22.pdf,2022-08-01
amam,easy_term,NE,31,female,0,10,300000,300000,standard_nt,,60,0.094,43.15,300000,Form_3350_8-22.pdf,2022-08-01
amam,easy_term,NE,31,female,0,10,400000,400000,standard_nt,,60,0.094,55.65,400000,Form_3350_8-22.pdf,2022-08-01
amam,easy_term,NE,31,female,0,10,500000,500000,standard_nt,,60,0.094,68.15,500000,Form_3350_8-22.pdf,2022-08-01
amam,easy_term,NE,31,female,1,10,100000,100000,standard_t,,60,0.094,28.86,100000,Form_3350_8-22.pdf,2022-08-01
amam,easy_term,NE,31,female,1,10,150000,150000,standard_t,,60,0.094,40.47,150000,Form_3350_8-22.pdf,2022-08-01
amam,easy_term,NE,31,female,1,10,200000,200000,standard_t,,60,0.094,52.08,200000,Form_3350_8-22.pdf,2022-08-01
amam,easy_term,NE,31,female,1,10,250000,250000,standard_t,,60,0.094,63.69,250000,Form_3350_8-22.pdf,2022-08-01
amam,easy_term,NE,31,female,1,10,300000,300000,standard_t,,60,0.094,75.30,300000,Form_3350_8-22.pdf,2022-08-01
amam,easy_term,NE,31,female,1,10,400000,400000,standard_t,,60,0.094,98.52,400000,Form_3350_8-22.pdf,2022-08-01
amam,easy_term,NE,31,female,1,10,500000,500000,standard_t,,60,0.094,121.73,500000,Form_3350_8-22.pdf,2022-08-01
amam,easy_term,NE,32,female,0,10,100000,100000,standard_nt,,60,0.094,18.62,100000,Form_3350_8-22.pdf,2022-08-01
amam,easy_term,NE,32,female,0,10,150000,150000,standard_nt,,60,0.094,25.10,150000,Form_3350_8-22.pdf,2022-08-01
amam,easy_term,NE,32,female,0,10,200000,200000,standard_nt,,60,0.094,31.59,200000,Form_3350_8-22.pdf,2022-08-01
amam,easy_term,NE,32,female,0,10,250000,250000,standard_nt,,60,0.094,38.07,250000,Form_3350_8-22.pdf,2022-08-01
amam,easy_term,NE,32,female,0,10,300000,300000,standard_nt,,60,0.094,44.56,300000,Form_3350_8-22.pdf,2022-08-01
amam,easy_term,NE,32,female,0,10,400000,400000,standard_nt,,60,0.094,57.53,400000,Form_3350_8-22.pdf,2022-08-01
amam,easy_term,NE,32,female,0,10,500000,500000,standard_nt,,60,0.094,70.50,500000,Form_3350_8-22.pdf,2022-08-01
amam,easy_term,NE,32,female,1,10,100000,100000,standard_t,,60,0.094,30.18,100000,Form_3350_8-22.pdf,2022-08-01
amam,easy_term,NE,32,female,1,10,150000,150000,standard_t,,60,0.094,42.45,150000,Form_3350_8-22.pdf,2022-08-01
amam,easy_term,NE,32,female,1,10,200000,200000,standard_t,,60,0.094,54.71,200000,Form_3350_8-22.pdf,2022-08-01
amam,easy_term,NE,32,female,1,10,250000,250000,standard_t,,60,0.094,66.98,250000,Form_3350_8-22.pdf,2022-08-01
amam,easy_term,NE,32,female,1,10,300000,300000,standard_t,,60,0.094,79.25,300000,Form_3350_8-22.pdf,2022-08-01
amam,easy_term,NE,32,female,1,10,400000,400000,standard_t,,60,0.094,103.78,400000,Form_3350_8-22.pdf,2022-08-01
amam,easy_term,NE,32,female,1,10,500000,500000,standard_t,,60,0.094,128.31,500000,Form_3350_8-22.pdf,2022-08-01
amam,easy_term,NE,33,female,0,10,100000,100000,standard_nt,,60,0.094,19.09,100000,Form_3350_8-22.pdf,2022-08-01
amam,easy_term,NE,33,female,0,10,150000,150000,standard_nt,,60,0.094,25.81,150000,Form_3350_8-22.pdf,2022-08-01
amam,easy_term,NE,33,female,0,10,200000,200000,standard_nt,,60,0.094,32.53,200000,Form_3350_8-22.pdf,2022-08-01
amam,easy_term,NE,33,female,0,10,250000,250000,standard_nt,,60,0.094,39.25,250000,Form_3350_8-22.pdf,2022-08-01
amam,easy_term,NE,33,female,0,10,300000,300000,standard_nt,,60,0.094,45.97,300000,Form_3350_8-22.pdf,2022-08-01
amam,easy_term,NE,33,female,0,10,400000,400000,standard_nt,,60,0.094,59.41,400000,Form_3350_8-22.pdf,2022-08-01
amam,easy_term,NE,33,female,0,10,500000,500000,standard_nt,,60,0.094,72.85,500000,Form_3350_8-22.pdf,2022-08-01
amam,easy_term,NE,33,female,1,10,100000,100000,standard_t,,60,0.094,31.59,100000,Form_3350_8-22.pdf,2022-08-01
amam,easy_term,NE,33,female,1,10,150000,150000,standard_t,,60,0.094,44.56,150000,Form_3350_8-22.pdf,2022-08-01
amam,easy_term,NE,33,female,1,10,200000,200000,standard_t,,60,0.094,57.53,200000,Form_3350_8-22.pdf,2022-08-01
amam,easy_term,NE,33,female,1,10,250000,250000,standard_t,,60,0.094,70.50,250000,Form_3350_8-22.pdf,2022-08-01
amam,easy_term,NE,33,female,1,10,300000,300000,standard_t,,60,0.094,83.48,300000,Form_3350_8-22.pdf,2022-08-01
amam,easy_term,NE,33,female,1,10,400000,400000,standard_t,,60,0.094,109.42,400000,Form_3350_8-22.pdf,2022-08-01
amam,easy_term,NE,33,female,1,10,500000,500000,standard_t,,60,0.094,135.36,500000,Form_3350_8-22.pdf,2022-08-01
amam,easy_term,NE,34,female,0,10,100000,100000,standard_nt,,60,0.094,19.65,100000,Form_3350_8-22.pdf,2022-08-01
amam,easy_term,NE,34,female,0,10,150000,150000,standard_nt,,60,0.094,26.65,150000,Form_3350_8-22.pdf,2022-08-01
amam,easy_term,NE,34,female,0,10,200000,200000,standard_nt,,60,0.094,33.66,200000,Form_3350_8-22.pdf,2022-08-01
amam,easy_term,NE,34,female,0,10,250000,250000,standard_nt,,60,0.094,40.66,250000,Form_3350_8-22.pdf,2022-08-01
amam,easy_term,NE,34,female,0,10,300000,300000,standard_nt,,60,0.094,47.66,300000,Form_3350_8-22.pdf,2022-08-01
amam,easy_term,NE,34,female,0,10,400000,400000,standard_nt,,60,0.094,61.67,400000,Form_3350_8-22.pdf,2022-08-01
amam,easy_term,NE,34,female,0,10,500000,500000,standard_nt,,60,0.094,75.67,500000,Form_3350_8-22.pdf,2022-08-01
amam,easy_term,NE,34,female,1,10,100000,100000,standard_t,,60,0.094,33.09,100000,Form_3350_8-22.pdf,2022-08-01
amam,easy_term,NE,34,female,1,10,150000,150000,standard_t,,60,0.094,46.82,150000,Form_3350_8-22.pdf,2022-08-01
amam,easy_term,NE,34,female,1,10,200000,200000,standard_t,,60,0.094,60.54,200000,Form_3350_8-22.pdf,2022-08-01
amam,easy_term,NE,34,female,1,10,250000,250000,standard_t,,60,0.094,74.26,250000,Form_3350_8-22.pdf,2022-08-01
amam,easy_term,NE,34,female,1,10,300000,300000,standard_t,,60,0.094,87.99,300000,Form_3350_8-22.pdf,2022-08-01
amam,easy_term,NE,34,female,1,10,400000,400000,standard_t,,60,0.094,115.44,400000,Form_3350_8-22.pdf,2022-08-01
amam,easy_term,NE,34,female,1,10,500000,500000,standard_t,,60,0.094,142.88,500000,Form_3350_8-22.pdf,2022-08-01
amam,easy_term,NE,35,female,0,10,100000,100000,standard_nt,,60,0.094,20.21,100000,Form_3350_8-22.pdf,2022-08-01
amam,easy_term,NE,35,female,0,10,150000,150000,standard_nt,,60,0.094,27.50,150000,Form_3350_8-22.pdf,2022-08-01
amam,easy_term,NE,35,female,0,10,200000,200000,standard_nt,,60,0.094,34.78,200000,Form_3350_8-22.pdf,2022-08-01
amam,easy_term,NE,35,female,0,10,250000,250000,standard_nt,,60,0.094,42.07,250000,Form_3350_8-22.pdf,2022-08-01
amam,easy_term,NE,35,female,0,10,300000,300000,standard_nt,,60,0.094,49.35,300000,Form_3350_8-22.pdf,2022-08-01
amam,easy_term,NE,35,female,0,10,400000,400000,standard_nt,,60,0.094,63.92,400000,Form_3350_8-22.pdf,2022-08-01
amam,easy_term,NE,35,female,0,10,500000,500000,standard_nt,,60,0.094,78.49,500000,Form_3350_8-22.pdf,2022-08-01
amam,easy_term,NE,35,female,1,10,100000,100000,standard_t,,60,0.094,34.69,100000,Form_3350_8-22.pdf,2022-08-01
amam,easy_term,NE,35,female,1,10,150000,150000,standard_t,,60,0.094,49.21,150000,Form_3350_8-22.pdf,2022-08-01
amam,easy_term,NE,35,female,1,10,200000,200000,standard_t,,60,0.094,63.74,200000,Form_3350_8-22.pdf,2022-08-01
amam,easy_term,NE,35,female,1,10,250000,250000,standard_t,,60,0.094,78.26,250000,Form_3350_8-22.pdf,2022-08-01
amam,easy_term,NE,35,female,1,10,300000,300000,standard_t,,60,0.094,92.78,300000,Form_3350_8-22.pdf,2022-08-01
amam,easy_term,NE,35,female,1,10,400000,400000,standard_t,,60,0.094,121.83,400000,Form_3350_8-22.pdf,2022-08-01
amam,easy_term,NE,35,female,1,10,500000,500000,standard_t,,60,0.094,150.87,500000,Form_3350_8-22.pdf,2022-08-01
amam,easy_term,NE,36,female,0,10,100000,100000,standard_nt,,60,0.094,20.87,100000,Form_3350_8-22.pdf,2022-08-01
amam,easy_term,NE,36,female,0,10,150000,150000,standard_nt,,60,0.094,28.49,150000,Form_3350_8-22.pdf,2022-08-01
amam,easy_term,NE,36,female,0,10,200000,200000,standard_nt,,60,0.094,36.10,200000,Form_3350_8-22.pdf,2022-08-01
amam,easy_term,NE,36,female,0,10,250000,250000,standard_nt,,60,0.094,43.71,250000,Form_3350_8-22.pdf,2022-08-01
amam,easy_term,NE,36,female,0,10,300000,300000,standard_nt,,60,0.094,51.33,300000,Form_3350_8-22.pdf,2022-08-01
amam,easy_term,NE,36,female,0,10,400000,400000,standard_nt,,60,0.094,66.56,400000,Form_3350_8-22.pdf,2022-08-01
amam,easy_term,NE,36,female,0,10,500000,500000,standard_nt,,60,0.094,81.78,500000,Form_3350_8-22.pdf,2022-08-01
amam,easy_term,NE,36,female,1,10,100000,100000,standard_t,,60,0.094,36.38,100000,Form_3350_8-22.pdf,2022-08-01
amam,easy_term,NE,36,female,1,10,150000,150000,standard_t,,60,0.094,51.75,150000,Form_3350_8-22.pdf,2022-08-01
amam,easy_term,NE,36,female,1,10,200000,200000,standard_t,,60,0.094,67.12,200000,Form_3350_8-22.pdf,2022-08-01
amam,easy_term,NE,36,female,1,10,250000,250000,standard_t,,60,0.094,82.49,250000,Form_3350_8-22.pdf,2022-08-01
amam,easy_term,NE,36,female,1,10,300000,300000,standard_t,,60,0.094,97.86,300000,Form_3350_8-22.pdf,2022-08-01
amam,easy_term,NE,36,female,1,10,400000,400000,standard_t,,60,0.094,128.60,400000,Form_3350_8-22.pdf,2022-08-01
amam,easy_term,NE,36,female,1,10,500000,500000,standard_t,,60,0.094,159.33,500000,Form_3350_8-22.pdf,2022-08-01
amam,easy_term,NE,37,female,0,10,100000,100000,standard_nt,,60,0.094,21.53,100000,Form_3350_8-22.pdf,2022-08-01
amam,easy_term,NE,37,female,0,10,150000,150000,standard_nt,,60,0.094,29.47,150000,Form_3350_8-22.pdf,2022-08-01
amam,easy_term,NE,37,female,0,10,200000,200000,standard_nt,,60,0.094,37.42,200000,Form_3350_8-22.pdf,2022-08-01
amam,easy_term,NE,37,female,0,10,250000,250000,standard_nt,,60,0.094,45.36,250000,Form_3350_8-22.pdf,2022-08-01
amam,easy_term,NE,37,female,0,10,300000,300000,standard_nt,,60,0.094,53.30,300000,Form_3350_8-22.pdf,2022-08-01
amam,easy_term,NE,37,female,0,10,400000,400000,standard_nt,,60,0.094,69.19,400000,Form_3350_8-22.pdf,2022-08-01
amam,easy_term,NE,37,female,0,10,500000,500000,standard_nt,,60,0.094,85.07,500000,Form_3350_8-22.pdf,2022-08-01
amam,easy_term,NE,37,female,1,10,100000,100000,standard_t,,60,0.094,38.07,100000,Form_3350_8-22.pdf,2022-08-01
amam,easy_term,NE,37,female,1,10,150000,150000,standard_t,,60,0.094,54.29,150000,Form_3350_8-22.pdf,2022-08-01
amam,easy_term,NE,37,female,1,10,200000,200000,standard_t,,60,0.094,70.50,200000,Form_3350_8-22.pdf,2022-08-01
amam,easy_term,NE,37,female,1,10,250000,250000,standard_t,,60,0.094,86.72,250000,Form_3350_8-22.pdf,2022-08-01
amam,easy_term,NE,37,female,1,10,300000,300000,standard_t,,60,0.094,102.93,300000,Form_3350_8-22.pdf,2022-08-01
amam,easy_term,NE,37,female,1,10,400000,400000,standard_t,,60,0.094,135.36,400000,Form_3350_8-22.pdf,2022-08-01
amam,easy_term,NE,37,female,1,10,500000,500000,standard_t,,60,0.094,167.79,500000,Form_3350_8-22.pdf,2022-08-01
amam,easy_term,NE,38,female,0,10,100000,100000,standard_nt,,60,0.094,22.28,100000,Form_3350_8-22.pdf,2022-08-01
amam,easy_term,NE,38,female,0,10,150000,150000,standard_nt,,60,0.094,30.60,150000,Form_3350_8-22.pdf,2022-08-01
amam,easy_term,NE,38,female,0,10,200000,200000,standard_nt,,60,0.094,38.92,200000,Form_3350_8-22.pdf,2022-08-01
amam,easy_term,NE,38,female,0,10,250000,250000,standard_nt,,60,0.094,47.24,250000,Form_3350_8-22.pdf,2022-08-01
amam,easy_term,NE,38,female,0,10,300000,300000,standard_nt,,60,0.094,55.56,300000,Form_3350_8-22.pdf,2022-08-01
amam,easy_term,NE,38,female,0,10,400000,400000,standard_nt,,60,0.094,72.20,400000,Form_3350_8-22.pdf,2022-08-01
amam,easy_term,NE,38,female,0,10,500000,500000,standard_nt,,60,0.094,88.83,500000,Form_3350_8-22.pdf,2022-08-01
amam,easy_term,NE,38,female,1,10,100000,100000,standard_t,,60,0.094,39.86,100000,Form_3350_8-22.pdf,2022-08-01
amam,easy_term,NE,38,female,1,10,150000,150000,standard_t,,60,0.094,56.97,150000,Form_3350_8-22.pdf,2022-08-01
amam,easy_term,NE,38,female,1,10,200000,200000,standard_t,,60,0.094,74.08,200000,Form_3350_8-22.pdf,2022-08-01
amam,easy_term,NE,38,female,1,10,250000,250000,standard_t,,60,0.094,91.18,250000,Form_3350_8-22.pdf,2022-08-01
amam,easy_term,NE,38,female,1,10,300000,300000,standard_t,,60,0.094,108.29,300000,Form_3350_8-22.pdf,2022-08-01
amam,easy_term,NE,38,female,1,10,400000,400000,standard_t,,60,0.094,142.51,400000,Form_3350_8-22.pdf,2022-08-01
amam,easy_term,NE,38,female,1,10,500000,500000,standard_t,,60,0.094,176.72,500000,Form_3350_8-22.pdf,2022-08-01
amam,easy_term,NE,39,female,0,10,100000,100000,standard_nt,,60,0.094,23.03,100000,Form_3350_8-22.pdf,2022-08-01
amam,easy_term,NE,39,female,0,10,150000,150000,standard_nt,,60,0.094,31.73,150000,Form_3350_8-22.pdf,2022-08-01
amam,easy_term,NE,39,female,0,10,200000,200000,standard_nt,,60,0.094,40.42,200000,Form_3350_8-22.pdf,2022-08-01
amam,easy_term,NE,39,female,0,10,250000,250000,standard_nt,,60,0.094,49.12,250000,Form_3350_8-22.pdf,2022-08-01
amam,easy_term,NE,39,female,0,10,300000,300000,standard_nt,,60,0.094,57.81,300000,Form_3350_8-22.pdf,2022-08-01
amam,easy_term,NE,39,female,0,10,400000,400000,standard_nt,,60,0.094,75.20,400000,Form_3350_8-22.pdf,2022-08-01
amam,easy_term,NE,39,female,0,10,500000,500000,standard_nt,,60,0.094,92.59,500000,Form_3350_8-22.pdf,2022-08-01
amam,easy_term,NE,39,female,1,10,100000,100000,standard_t,,60,0.094,41.74,100000,Form_3350_8-22.pdf,2022-08-01
amam,easy_term,NE,39,female,1,10,150000,150000,standard_t,,60,0.094,59.79,150000,Form_3350_8-22.pdf,2022-08-01
amam,easy_term,NE,39,female,1,10,200000,200000,standard_t,,60,0.094,77.84,200000,Form_3350_8-22.pdf,2022-08-01
amam,easy_term,NE,39,female,1,10,250000,250000,standard_t,,60,0.094,95.88,250000,Form_3350_8-22.pdf,2022-08-01
amam,easy_term,NE,39,female,1,10,300000,300000,standard_t,,60,0.094,113.93,300000,Form_3350_8-22.pdf,2022-08-01
amam,easy_term,NE,39,female,1,10,400000,400000,standard_t,,60,0.094,150.03,400000,Form_3350_8-22.pdf,2022-08-01
amam,easy_term,NE,39,female,1,10,500000,500000,standard_t,,60,0.094,186.12,500000,Form_3350_8-22.pdf,2022-08-01
amam,easy_term,NE,40,female,0,10,100000,100000,standard_nt,,60,0.094,23.88,100000,Form_3350_8-22.pdf,2022-08-01
amam,easy_term,NE,40,female,0,10,150000,150000,standard_nt,,60,0.094,33.00,150000,Form_3350_8-22.pdf,2022-08-01
amam,easy_term,NE,40,female,0,10,200000,200000,standard_nt,,60,0.094,42.12,200000,Form_3350_8-22.pdf,2022-08-01
amam,easy_term,NE,40,female,0,10,250000,250000,standard_nt,,60,0.094,51.23,250000,Form_3350_8-22.pdf,2022-08-01
amam,easy_term,NE,40,female,0,10,300000,300000,standard_nt,,60,0.094,60.35,300000,Form_3350_8-22.pdf,2022-08-01
amam,easy_term,NE,40,female,0,10,400000,400000,standard_nt,,60,0.094,78.59,400000,Form_3350_8-22.pdf,2022-08-01
amam,easy_term,NE,40,female,0,10,500000,500000,standard_nt,,60,0.094,96.82,500000,Form_3350_8-22.pdf,2022-08-01
amam,easy_term,NE,40,female,1,10,100000,100000,standard_t,,60,0.094,43.62,100000,Form_3350_8-22.pdf,2022-08-01
amam,easy_term,NE,40,female,1,10,150000,150000,standard_t,,60,0.094,62.61,150000,Form_3350_8-22.pdf,2022-08-01
amam,easy_term,NE,40,female,1,10,200000,200000,standard_t,,60,0.094,81.60,200000,Form_3350_8-22.pdf,2022-08-01
amam,easy_term,NE,40,female,1,10,250000,250000,standard_t,,60,0.094,100.58,250000,Form_3350_8-22.pdf,2022-08-01
amam,easy_term,NE,40,female,1,10,300000,300000,standard_t,,60,0.094,119.57,300000,Form_3350_8-22.pdf,2022-08-01
amam,easy_term,NE,40,female,1,10,400000,400000,standard_t,,60,0.094,157.55,400000,Form_3350_8-22.pdf,2022-08-01
amam,easy_term,NE,40,female,1,10,500000,500000,standard_t,,60,0.094,195.52,500000,Form_3350_8-22.pdf,2022-08-01
amam,easy_term,NE,41,female,0,10,100000,100000,standard_nt,,60,0.094,24.82,100000,Form_3350_8-22.pdf,2022-08-01
amam,easy_term,NE,41,female,0,10,150000,150000,standard_nt,,60,0.094,34.41,150000,Form_3350_8-22.pdf,2022-08-01
amam,easy_term,NE,41,female,0,10,200000,200000,standard_nt,,60,0.094,44.00,200000,Form_3350_8-22.pdf,2022-08-01
amam,easy_term,NE,41,female,0,10,250000,250000,standard_nt,,60,0.094,53.58,250000,Form_3350_8-22.pdf,2022-08-01
amam,easy_term,NE,41,female,0,10,300000,300000,standard_nt,,60,0.094,63.17,300000,Form_3350_8-22.pdf,2022-08-01
amam,easy_term,NE,41,female,0,10,400000,400000,standard_nt,,60,0.094,82.35,400000,Form_3350_8-22.pdf,2022-08-01
amam,easy_term,NE,41,female,0,10,500000,500000,standard_nt,,60,0.094,101.52,500000,Form_3350_8-22.pdf,2022-08-01
amam,easy_term,NE,41,female,1,10,100000,100000,standard_t,,60,0.094,46.16,100000,Form_3350_8-22.pdf,2022-08-01
amam,easy_term,NE,41,female,1,10,150000,150000,standard_t,,60,0.094,66.42,150000,Form_3350_8-22.pdf,2022-08-01
amam,easy_term,NE,41,female,1,10,200000,200000,standard_t,,60,0.094,86.67,200000,Form_3350_8-22.pdf,2022-08-01
amam,easy_term,NE,41,female,1,10,250000,250000,standard_t,,60,0.094,106.93,250000,Form_3350_8-22.pdf,2022-08-01
amam,easy_term,NE,41,female,1,10,300000,300000,standard_t,,60,0.094,127.19,300000,Form_3350_8-22.pdf,2022-08-01
amam,easy_term,NE,41,female,1,10,400000,400000,standard_t,,60,0.094,167.70,400000,Form_3350_8-22.pdf,2022-08-01
amam,easy_term,NE,41,female,1,10,500000,500000,standard_t,,60,0.094,208.21,500000,Form_3350_8-22.pdf,2022-08-01
amam,easy_term,NE,42,female,0,10,100000,100000,standard_nt,,60,0.094,25.95,100000,Form_3350_8-22.pdf,2022-08-01
amam,easy_term,NE,42,female,0,10,150000,150000,standard_nt,,60,0.094,36.10,150000,Form_3350_8-22.pdf,2022-08-01
amam,easy_term,NE,42,female,0,10,200000,200000,standard_nt,,60,0.094,46.25,200000,Form_3350_8-22.pdf,2022-08-01
amam,easy_term,NE,42,female,0,10,250000,250000,standard_nt,,60,0.094,56.40,250000,Form_3350_8-22.pdf,2022-08-01
amam,easy_term,NE,42,female,0,10,300000,300000,standard_nt,,60,0.094,66.56,300000,Form_3350_8-22.pdf,2022-08-01
amam,easy_term,NE,42,female,0,10,400000,400000,standard_nt,,60,0.094,86.86,400000,Form_3350_8-22.pdf,2022-08-01
amam,easy_term,NE,42,female,0,10,500000,500000,standard_nt,,60,0.094,107.16,500000,Form_3350_8-22.pdf,2022-08-01
amam,easy_term,NE,42,female,1,10,100000,100000,standard_t,,60,0.094,48.88,100000,Form_3350_8-22.pdf,2022-08-01
amam,easy_term,NE,42,female,1,10,150000,150000,standard_t,,60,0.094,70.50,150000,Form_3350_8-22.pdf,2022-08-01
amam,easy_term,NE,42,female,1,10,200000,200000,standard_t,,60,0.094,92.12,200000,Form_3350_8-22.pdf,2022-08-01
amam,easy_term,NE,42,female,1,10,250000,250000,standard_t,,60,0.094,113.74,250000,Form_3350_8-22.pdf,2022-08-01
amam,easy_term,NE,42,female,1,10,300000,300000,standard_t,,60,0.094,135.36,300000,Form_3350_8-22.pdf,2022-08-01
amam,easy_term,NE,42,female,1,10,400000,400000,standard_t,,60,0.094,178.60,400000,Form_3350_8-22.pdf,2022-08-01
amam,easy_term,NE,42,female,1,10,500000,500000,standard_t,,60,0.094,221.84,500000,Form_3350_8-22.pdf,2022-08-01
amam,easy_term,NE,43,female,0,10,100000,100000,standard_nt,,60,0.094,27.08,100000,Form_3350_8-22.pdf,2022-08-01
amam,easy_term,NE,43,female,0,10,150000,150000,standard_nt,,60,0.094,37.79,150000,Form_3350_8-22.pdf,2022-08-01
amam,easy_term,NE,43,female,0,10,200000,200000,standard_nt,,60,0.094,48.51,200000,Form_3350_8-22.pdf,2022-08-01
amam,easy_term,NE,43,female,0,10,250000,250000,standard_nt,,60,0.094,59.22,250000,Form_3350_8-22.pdf,2022-08-01
amam,easy_term,NE,43,female,0,10,300000,300000,standard_nt,,60,0.094,69.94,300000,Form_3350_8-22.pdf,2022-08-01
amam,easy_term,NE,43,female,0,10,400000,400000,standard_nt,,60,0.094,91.37,400000,Form_3350_8-22.pdf,2022-08-01
amam,easy_term,NE,43,female,0,10,500000,500000,standard_nt,,60,0.094,112.80,500000,Form_3350_8-22.pdf,2022-08-01
amam,easy_term,NE,43,female,1,10,100000,100000,standard_t,,60,0.094,51.99,100000,Form_3350_8-22.pdf,2022-08-01
amam,easy_term,NE,43,female,1,10,150000,150000,standard_t,,60,0.094,75.16,150000,Form_3350_8-22.pdf,2022-08-01
amam,easy_term,NE,43,female,1,10,200000,200000,standard_t,,60,0.094,98.33,200000,Form_3350_8-22.pdf,2022-08-01
amam,easy_term,NE,43,female,1,10,250000,250000,standard_t,,60,0.094,121.50,250000,Form_3350_8-22.pdf,2022-08-01
amam,easy_term,NE,43,female,1,10,300000,300000,standard_t,,60,0.094,144.67,300000,Form_3350_8-22.pdf,2022-08-01
amam,easy_term,NE,43,female,1,10,400000,400000,standard_t,,60,0.094,191.01,400000,Form_3350_8-22.pdf,2022-08-01
amam,easy_term,NE,43,female,1,10,500000,500000,standard_t,,60,0.094,237.35,500000,Form_3350_8-22.pdf,2022-08-01
amam,easy_term,NE,44,female,0,10,100000,100000,standard_nt,,60,0.094,28.39,100000,Form_3350_8-22.pdf,2022-08-01
amam,easy_term,NE,44,female,0,10,150000,150000,standard_nt,,60,0.094,39.77,150000,Form_3350_8-22.pdf,2022-08-01
amam,easy_term,NE,44,female,0,10,200000,200000,standard_nt,,60,0.094,51.14,200000,Form_3350_8-22.pdf,2022-08-01
amam,easy_term,NE,44,female,0,10,250000,250000,standard_nt,,60,0.094,62.51,250000,Form_3350_8-22.pdf,2022-08-01
amam,easy_term,NE,44,female,0,10,300000,300000,standard_nt,,60,0.094,73.89,300000,Form_3350_8-22.pdf,2022-08-01
amam,easy_term,NE,44,female,0,10,400000,400000,standard_nt,,60,0.094,96.64,400000,Form_3350_8-22.pdf,2022-08-01
amam,easy_term,NE,44,female,0,10,500000,500000,standard_nt,,60,0.094,119.38,500000,Form_3350_8-22.pdf,2022-08-01
amam,easy_term,NE,44,female,1,10,100000,100000,standard_t,,60,0.094,55.28,100000,Form_3350_8-22.pdf,2022-08-01
amam,easy_term,NE,44,female,1,10,150000,150000,standard_t,,60,0.094,80.09,150000,Form_3350_8-22.pdf,2022-08-01
amam,easy_term,NE,44,female,1,10,200000,200000,standard_t,,60,0.094,104.91,200000,Form_3350_8-22.pdf,2022-08-01
amam,easy_term,NE,44,female,1,10,250000,250000,standard_t,,60,0.094,129.72,250000,Form_3350_8-22.pdf,2022-08-01
amam,easy_term,NE,44,female,1,10,300000,300000,standard_t,,60,0.094,154.54,300000,Form_3350_8-22.pdf,2022-08-01
amam,easy_term,NE,44,female,1,10,400000,400000,standard_t,,60,0.094,204.17,400000,Form_3350_8-22.pdf,2022-08-01
amam,easy_term,NE,44,female,1,10,500000,500000,standard_t,,60,0.094,253.80,500000,Form_3350_8-22.pdf,2022-08-01
amam,easy_term,NE,45,female,0,10,100000,100000,standard_nt,,60,0.094,29.71,100000,Form_3350_8-22.pdf,2022-08-01
amam,easy_term,NE,45,female,0,10,150000,150000,standard_nt,,60,0.094,41.74,150000,Form_3350_8-22.pdf,2022-08-01
amam,easy_term,NE,45,female,0,10,200000,200000,standard_nt,,60,0.094,53.77,200000,Form_3350_8-22.pdf,2022-08-01
amam,easy_term,NE,45,female,0,10,250000,250000,standard_nt,,60,0.094,65.80,250000,Form_3350_8-22.pdf,2022-08-01
amam,easy_term,NE,45,female,0,10,300000,300000,standard_nt,,60,0.094,77.84,300000,Form_3350_8-22.pdf,2022-08-01
amam,easy_term,NE,45,female,0,10,400000,400000,standard_nt,,60,0.094,101.90,400000,Form_3350_8-22.pdf,2022-08-01
amam,easy_term,NE,45,female,0,10,500000,500000,standard_nt,,60,0.094,125.96,500000,Form_3350_8-22.pdf,2022-08-01
amam,easy_term,NE,45,female,1,10,100000,100000,standard_t,,60,0.094,58.66,100000,Form_3350_8-22.pdf,2022-08-01
amam,easy_term,NE,45,female,1,10,150000,150000,standard_t,,60,0.094,85.17,150000,Form_3350_8-22.pdf,2022-08-01
amam,easy_term,NE,45,female,1,10,200000,200000,standard_t,,60,0.094,111.68,200000,Form_3350_8-22.pdf,2022-08-01
amam,easy_term,NE,45,female,1,10,250000,250000,standard_t,,60,0.094,138.18,250000,Form_3350_8-22.pdf,2022-08-01
amam,easy_term,NE,45,female,1,10,300000,300000,standard_t,,60,0.094,164.69,300000,Form_3350_8-22.pdf,2022-08-01
amam,easy_term,NE,45,female,1,10,400000,400000,standard_t,,60,0.094,217.71,400000,Form_3350_8-22.pdf,2022-08-01
amam,easy_term,NE,45,female,1,10,500000,500000,standard_t,,60,0.094,270.72,500000,Form_3350_8-22.pdf,2022-08-01
amam,easy_term,NE,46,female,0,10,100000,100000,standard_nt,,60,0.094,31.02,100000,Form_3350_8-22.pdf,2022-08-01
amam,easy_term,NE,46,female,0,10,150000,150000,standard_nt,,60,0.094,43.71,150000,Form_3350_8-22.pdf,2022-08-01
amam,easy_term,NE,46,female,0,10,200000,200000,standard_nt,,60,0.094,56.40,200000,Form_3350_8-22.pdf,2022-08-01
amam,easy_term,NE,46,female,0,10,250000,250000,standard_nt,,60,0.094,69.09,250000,Form_3350_8-22.pdf,2022-08-01
amam,easy_term,NE,46,female,0,10,300000,300000,standard_nt,,60,0.094,81.78,300000,Form_3350_8-22.pdf,2022-08-01
amam,easy_term,NE,46,female,1,10,100000,100000,standard_t,,60,0.094,62.23,100000,Form_3350_8-22.pdf,2022-08-01
amam,easy_term,NE,46,female,1,10,150000,150000,standard_t,,60,0.094,90.53,150000,Form_3350_8-22.pdf,2022-08-01
amam,easy_term,NE,46,female,1,10,200000,200000,standard_t,,60,0.094,118.82,200000,Form_3350_8-22.pdf,2022-08-01
amam,easy_term,NE,46,female,1,10,250000,250000,standard_t,,60,0.094,147.11,250000,Form_3350_8-22.pdf,2022-08-01
amam,easy_term,NE,46,female,1,10,300000,300000,standard_t,,60,0.094,175.41,300000,Form_3350_8-22.pdf,2022-08-01
amam,easy_term,NE,47,female,0,10,100000,100000,standard_nt,,60,0.094,32.34,100000,Form_3350_8-22.pdf,2022-08-01
amam,easy_term,NE,47,female,0,10,150000,150000,standard_nt,,60,0.094,45.69,150000,Form_3350_8-22.pdf,2022-08-01
amam,easy_term,NE,47,female,0,10,200000,200000,standard_nt,,60,0.094,59.04,200000,Form_3350_8-22.pdf,2022-08-01
amam,easy_term,NE,47,female,0,10,250000,250000,standard_nt,,60,0.094,72.38,250000,Form_3350_8-22.pdf,2022-08-01
amam,easy_term,NE,47,female,0,10,300000,300000,standard_nt,,60,0.094,85.73,300000,Form_3350_8-22.pdf,2022-08-01
amam,easy_term,NE,47,female,1,10,100000,100000,standard_t,,60,0.094,65.90,100000,Form_3350_8-22.pdf,2022-08-01
amam,easy_term,NE,47,female,1,10,150000,150000,standard_t,,60,0.094,96.03,150000,Form_3350_8-22.pdf,2022-08-01
amam,easy_term,NE,47,female,1,10,200000,200000,standard_t,,60,0.094,126.15,200000,Form_3350_8-22.pdf,2022-08-01
amam,easy_term,NE,47,female,1,10,250000,250000,standard_t,,60,0.094,156.28,250000,Form_3350_8-22.pdf,2022-08-01
amam,easy_term,NE,47,female,1,10,300000,300000,standard_t,,60,0.094,186.41,300000,Form_3350_8-22.pdf,2022-08-01
amam,easy_term,NE,48,female,0,10,100000,100000,standard_nt,,60,0.094,33.66,100000,Form_3350_8-22.pdf,2022-08-01
amam,easy_term,NE,48,female,0,10,150000,150000,standard_nt,,60,0.094,47.66,150000,Form_3350_8-22.pdf,2022-08-01
amam,easy_term,NE,48,female,0,10,200000,200000,standard_nt,,60,0.094,61.67,200000,Form_3350_8-22.pdf,2022-08-01
amam,easy_term,NE,48,female,0,10,250000,250000,standard_nt,,60,0.094,75.67,250000,Form_3350_8-22.pdf,2022-08-01
amam,easy_term,NE,48,female,0,10,300000,300000,standard_nt,,60,0.094,89.68,300000,Form_3350_8-22.pdf,2022-08-01
amam,easy_term,NE,48,female,1,10,100000,100000,standard_t,,60,0.094,69.38,100000,Form_3350_8-22.pdf,2022-08-01
amam,easy_term,NE,48,female,1,10,150000,150000,standard_t,,60,0.094,101.24,150000,Form_3350_8-22.pdf,2022-08-01
amam,easy_term,NE,48,female,1,10,200000,200000,standard_t,,60,0.094,133.11,200000,Form_3350_8-22.pdf,2022-08-01
amam,easy_term,NE,48,female,1,10,250000,250000,standard_t,,60,0.094,164.97,250000,Form_3350_8-22.pdf,2022-08-01
amam,easy_term,NE,48,female,1,10,300000,300000,standard_t,,60,0.094,196.84,300000,Form_3350_8-22.pdf,2022-08-01
amam,easy_term,NE,49,female,0,10,100000,100000,standard_nt,,60,0.094,34.97,100000,Form_3350_8-22.pdf,2022-08-01
amam,easy_term,NE,49,female,0,10,150000,150000,standard_nt,,60,0.094,49.64,150000,Form_3350_8-22.pdf,2022-08-01
amam,easy_term,NE,49,female,0,10,200000,200000,standard_nt,,60,0.094,64.30,200000,Form_3350_8-22.pdf,2022-08-01
amam,easy_term,NE,49,female,0,10,250000,250000,standard_nt,,60,0.094,78.96,250000,Form_3350_8-22.pdf,2022-08-01
amam,easy_term,NE,49,female,0,10,300000,300000,standard_nt,,60,0.094,93.63,300000,Form_3350_8-22.pdf,2022-08-01
amam,easy_term,NE,49,female,1,10,100000,100000,standard_t,,60,0.094,72.76,100000,Form_3350_8-22.pdf,2022-08-01
amam,easy_term,NE,49,female,1,10,150000,150000,standard_t,,60,0.094,106.32,150000,Form_3350_8-22.pdf,2022-08-01
amam,easy_term,NE,49,female,1,10,200000,200000,standard_t,,60,0.094,139.88,200000,Form_3350_8-22.pdf,2022-08-01
amam,easy_term,NE,49,female,1,10,250000,250000,standard_t,,60,0.094,173.43,250000,Form_3350_8-22.pdf,2022-08-01
amam,easy_term,NE,49,female,1,10,300000,300000,standard_t,,60,0.094,206.99,300000,Form_3350_8-22.pdf,2022-08-01
amam,easy_term,NE,50,female,0,10,100000,100000,standard_nt,,60,0.094,36.10,100000,Form_3350_8-22.pdf,2022-08-01
amam,easy_term,NE,50,female,0,10,150000,150000,standard_nt,,60,0.094,51.33,150000,Form_3350_8-22.pdf,2022-08-01
amam,easy_term,NE,50,female,0,10,200000,200000,standard_nt,,60,0.094,66.56,200000,Form_3350_8-22.pdf,2022-08-01
amam,easy_term,NE,50,female,0,10,250000,250000,standard_nt,,60,0.094,81.78,250000,Form_3350_8-22.pdf,2022-08-01
amam,easy_term,NE,50,female,0,10,300000,300000,standard_nt,,60,0.094,97.01,300000,Form_3350_8-22.pdf,2022-08-01
amam,easy_term,NE,50,female,1,10,100000,100000,standard_t,,60,0.094,75.86,100000,Form_3350_8-22.pdf,2022-08-01
amam,easy_term,NE,50,female,1,10,150000,150000,standard_t,,60,0.094,110.97,150000,Form_3350_8-22.pdf,2022-08-01
amam,easy_term,NE,50,female,1,10,200000,200000,standard_t,,60,0.094,146.08,200000,Form_3350_8-22.pdf,2022-08-01
amam,easy_term,NE,50,female,1,10,250000,250000,standard_t,,60,0.094,181.19,250000,Form_3350_8-22.pdf,2022-08-01
amam,easy_term,NE,50,female,1,10,300000,300000,standard_t,,60,0.094,216.30,300000,Form_3350_8-22.pdf,2022-08-01
amam,easy_term,NE,51,female,0,10,100000,100000,standard_nt,,60,0.094,38.26,100000,Form_3350_8-22.pdf,2022-08-01
amam,easy_term,NE,51,female,0,10,150000,150000,standard_nt,,60,0.094,54.57,150000,Form_3350_8-22.pdf,2022-08-01
amam,easy_term,NE,51,female,0,10,200000,200000,standard_nt,,60,0.094,70.88,200000,Form_3350_8-22.pdf,2022-08-01
amam,easy_term,NE,51,female,0,10,250000,250000,standard_nt,,60,0.094,87.19,250000,Form_3350_8-22.pdf,2022-08-01
amam,easy_term,NE,51,female,0,10,300000,300000,standard_nt,,60,0.094,103.50,300000,Form_3350_8-22.pdf,2022-08-01
amam,easy_term,NE,51,female,1,10,100000,100000,standard_t,,60,0.094,81.41,100000,Form_3350_8-22.pdf,2022-08-01
amam,easy_term,NE,51,female,1,10,150000,150000,standard_t,,60,0.094,119.29,150000,Form_3350_8-22.pdf,2022-08-01
amam,easy_term,NE,51,female,1,10,200000,200000,standard_t,,60,0.094,157.17,200000,Form_3350_8-22.pdf,2022-08-01
amam,easy_term,NE,51,female,1,10,250000,250000,standard_t,,60,0.094,195.05,250000,Form_3350_8-22.pdf,2022-08-01
amam,easy_term,NE,51,female,1,10,300000,300000,standard_t,,60,0.094,232.94,300000,Form_3350_8-22.pdf,2022-08-01
amam,easy_term,NE,52,female,0,10,100000,100000,standard_nt,,60,0.094,40.52,100000,Form_3350_8-22.pdf,2022-08-01
amam,easy_term,NE,52,female,0,10,150000,150000,standard_nt,,60,0.094,57.96,150000,Form_3350_8-22.pdf,2022-08-01
amam,easy_term,NE,52,female,0,10,200000,200000,standard_nt,,60,0.094,75.39,200000,Form_3350_8-22.pdf,2022-08-01
amam,easy_term,NE,52,female,0,10,250000,250000,standard_nt,,60,0.094,92.83,250000,Form_3350_8-22.pdf,2022-08-01
amam,easy_term,NE,52,female,0,10,300000,300000,standard_nt,,60,0.094,110.27,300000,Form_3350_8-22.pdf,2022-08-01
amam,easy_term,NE,52,female,1,10,100000,100000,standard_t,,60,0.094,87.05,100000,Form_3350_8-22.pdf,2022-08-01
amam,easy_term,NE,52,female,1,10,150000,150000,standard_t,,60,0.094,127.75,150000,Form_3350_8-22.pdf,2022-08-01
amam,easy_term,NE,52,female,1,10,200000,200000,standard_t,,60,0.094,168.45,200000,Form_3350_8-22.pdf,2022-08-01
amam,easy_term,NE,52,female,1,10,250000,250000,standard_t,,60,0.094,209.15,250000,Form_3350_8-22.pdf,2022-08-01
amam,easy_term,NE,52,female,1,10,300000,300000,standard_t,,60,0.094,249.86,300000,Form_3350_8-22.pdf,2022-08-01
amam,easy_term,NE,53,female,0,10,100000,100000,standard_nt,,60,0.094,42.68,100000,Form_3350_8-22.pdf,2022-08-01
amam,easy_term,NE,53,female,0,10,150000,150000,standard_nt,,60,0.094,61.20,150000,Form_3350_8-22.pdf,2022-08-01
amam,easy_term,NE,53,female,0,10,200000,200000,standard_nt,,60,0.094,79.72,200000,Form_3350_8-22.pdf,2022-08-01
amam,easy_term,NE,53,female,0,10,250000,250000,standard_nt,,60,0.094,98.23,250000,Form_3350_8-22.pdf,2022-08-01
amam,easy_term,NE,53,female,0,10,300000,300000,standard_nt,,60,0.094,116.75,300000,Form_3350_8-22.pdf,2022-08-01
amam,easy_term,NE,53,female,1,10,100000,100000,standard_t,,60,0.094,92.88,100000,Form_3350_8-22.pdf,2022-08-01
amam,easy_term,NE,53,female,1,10,150000,150000,standard_t,,60,0.094,136.49,150000,Form_3350_8-22.pdf,2022-08-01
amam,easy_term,NE,53,female,1,10,200000,200000,standard_t,,60,0.094,180.11,200000,Form_3350_8-22.pdf,2022-08-01
amam,easy_term,NE,53,female,1,10,250000,250000,standard_t,,60,0.094,223.72,250000,Form_3350_8-22.pdf,2022-08-01
amam,easy_term,NE,53,female,1,10,300000,300000,standard_t,,60,0.094,267.34,300000,Form_3350_8-22.pdf,2022-08-01
amam,easy_term,NE,54,female,0,10,100000,100000,standard_nt,,60,0.094,45.03,100000,Form_3350_8-22.pdf,2022-08-01
amam,easy_term,NE,54,female,0,10,150000,150000,standard_nt,,60,0.094,64.72,150000,Form_3350_8-22.pdf,2022-08-01
amam,easy_term,NE,54,female,0,10,200000,200000,standard_nt,,60,0.094,84.42,200000,Form_3350_8-22.pdf,2022-08-01
amam,easy_term,NE,54,female,0,10,250000,250000,standard_nt,,60,0.094,104.11,250000,Form_3350_8-22.pdf,2022-08-01
amam,easy_term,NE,54,female,0,10,300000,300000,standard_nt,,60,0.094,123.80,300000,Form_3350_8-22.pdf,2022-08-01
amam,easy_term,NE,54,female,1,10,100000,100000,standard_t,,60,0.094,98.89,100000,Form_3350_8-22.pdf,2022-08-01
amam,easy_term,NE,54,female,1,10,150000,150000,standard_t,,60,0.094,145.52,150000,Form_3350_8-22.pdf,2022-08-01
amam,easy_term,NE,54,female,1,10,200000,200000,standard_t,,60,0.094,192.14,200000,Form_3350_8-22.pdf,2022-08-01
amam,easy_term,NE,54,female,1,10,250000,250000,standard_t,,60,0.094,238.76,250000,Form_3350_8-22.pdf,2022-08-01
amam,easy_term,NE,54,female,1,10,300000,300000,standard_t,,60,0.094,285.39,300000,Form_3350_8-22.pdf,2022-08-01
amam,easy_term,NE,55,female,0,10,100000,100000,standard_nt,,60,0.094,47.29,100000,Form_3350_8-22.pdf,2022-08-01
amam,easy_term,NE,55,female,0,10,150000,150000,standard_nt,,60,0.094,68.11,150000,Form_3350_8-22.pdf,2022-08-01
amam,easy_term,NE,55,female,0,10,200000,200000,standard_nt,,60,0.094,88.93,200000,Form_3350_8-22.pdf,2022-08-01
amam,easy_term,NE,55,female,0,10,250000,250000,standard_nt,,60,0.094,109.75,250000,Form_3350_8-22.pdf,2022-08-01
amam,easy_term,NE,55,female,0,10,300000,300000,standard_nt,,60,0.094,130.57,300000,Form_3350_8-22.pdf,2022-08-01
amam,easy_term,NE,55,female,1,10,100000,100000,standard_t,,60,0.094,105.00,100000,Form_3350_8-22.pdf,2022-08-01
amam,easy_term,NE,55,female,1,10,150000,150000,standard_t,,60,0.094,154.68,150000,Form_3350_8-22.pdf,2022-08-01
amam,easy_term,NE,55,female,1,10,200000,200000,standard_t,,60,0.094,204.36,200000,Form_3350_8-22.pdf,2022-08-01
amam,easy_term,NE,55,female,1,10,250000,250000,standard_t,,60,0.094,254.04,250000,Form_3350_8-22.pdf,2022-08-01
amam,easy_term,NE,55,female,1,10,300000,300000,standard_t,,60,0.094,303.72,300000,Form_3350_8-22.pdf,2022-08-01
amam,easy_term,NE,56,female,0,10,100000,100000,standard_nt,,60,0.094,49.54,100000,Form_3350_8-22.pdf,2022-08-01
amam,easy_term,NE,56,female,0,10,150000,150000,standard_nt,,60,0.094,71.49,150000,Form_3350_8-22.pdf,2022-08-01
amam,easy_term,NE,56,female,0,10,200000,200000,standard_nt,,60,0.094,93.44,200000,Form_3350_8-22.pdf,2022-08-01
amam,easy_term,NE,56,female,0,10,250000,250000,standard_nt,,60,0.094,115.39,250000,Form_3350_8-22.pdf,2022-08-01
amam,easy_term,NE,56,female,0,10,300000,300000,standard_nt,,60,0.094,137.34,300000,Form_3350_8-22.pdf,2022-08-01
amam,easy_term,NE,56,female,1,10,100000,100000,standard_t,,60,0.094,111.21,100000,Form_3350_8-22.pdf,2022-08-01
amam,easy_term,NE,56,female,1,10,150000,150000,standard_t,,60,0.094,163.99,150000,Form_3350_8-22.pdf,2022-08-01
amam,easy_term,NE,56,female,1,10,200000,200000,standard_t,,60,0.094,216.77,200000,Form_3350_8-22.pdf,2022-08-01
amam,easy_term,NE,56,female,1,10,250000,250000,standard_t,,60,0.094,269.55,250000,Form_3350_8-22.pdf,2022-08-01
amam,easy_term,NE,56,female,1,10,300000,300000,standard_t,,60,0.094,322.33,300000,Form_3350_8-22.pdf,2022-08-01
amam,easy_term,NE,57,female,0,10,100000,100000,standard_nt,,60,0.094,51.89,100000,Form_3350_8-22.pdf,2022-08-01
amam,easy_term,NE,57,female,0,10,150000,150000,standard_nt,,60,0.094,75.02,150000,Form_3350_8-22.pdf,2022-08-01
amam,easy_term,NE,57,female,0,10,200000,200000,standard_nt,,60,0.094,98.14,200000,Form_3350_8-22.pdf,2022-08-01
amam,easy_term,NE,57,female,0,10,250000,250000,standard_nt,,60,0.094,121.26,250000,Form_3350_8-22.pdf,2022-08-01
amam,easy_term,NE,57,female,0,10,300000,300000,standard_nt,,60,0.094,144.39,300000,Form_3350_8-22.pdf,2022-08-01
amam,easy_term,NE,57,female,1,10,100000,100000,standard_t,,60,0.094,117.60,100000,Form_3350_8-22.pdf,2022-08-01
amam,easy_term,NE,57,female,1,10,150000,150000,standard_t,,60,0.094,173.58,150000,Form_3350_8-22.pdf,2022-08-01
amam,easy_term,NE,57,female,1,10,200000,200000,standard_t,,60,0.094,229.55,200000,Form_3350_8-22.pdf,2022-08-01
amam,easy_term,NE,57,female,1,10,250000,250000,standard_t,,60,0.094,285.53,250000,Form_3350_8-22.pdf,2022-08-01
amam,easy_term,NE,57,female,1,10,300000,300000,standard_t,,60,0.094,341.51,300000,Form_3350_8-22.pdf,2022-08-01
amam,easy_term,NE,58,female,0,10,100000,100000,standard_nt,,60,0.094,54.24,100000,Form_3350_8-22.pdf,2022-08-01
amam,easy_term,NE,58,female,0,10,150000,150000,standard_nt,,60,0.094,78.54,150000,Form_3350_8-22.pdf,2022-08-01
amam,easy_term,NE,58,female,0,10,200000,200000,standard_nt,,60,0.094,102.84,200000,Form_3350_8-22.pdf,2022-08-01
amam,easy_term,NE,58,female,0,10,250000,250000,standard_nt,,60,0.094,127.14,250000,Form_3350_8-22.pdf,2022-08-01
amam,easy_term,NE,58,female,0,10,300000,300000,standard_nt,,60,0.094,151.44,300000,Form_3350_8-22.pdf,2022-08-01
amam,easy_term,NE,58,female,1,10,100000,100000,standard_t,,60,0.094,124.18,100000,Form_3350_8-22.pdf,2022-08-01
amam,easy_term,NE,58,female,1,10,150000,150000,standard_t,,60,0.094,183.45,150000,Form_3350_8-22.pdf,2022-08-01
amam,easy_term,NE,58,female,1,10,200000,200000,standard_t,,60,0.094,242.71,200000,Form_3350_8-22.pdf,2022-08-01
amam,easy_term,NE,58,female,1,10,250000,250000,standard_t,,60,0.094,301.98,250000,Form_3350_8-22.pdf,2022-08-01
amam,easy_term,NE,58,female,1,10,300000,300000,standard_t,,60,0.094,361.25,300000,Form_3350_8-22.pdf,2022-08-01
amam,easy_term,NE,59,female,0,10,100000,100000,standard_nt,,60,0.094,56.69,100000,Form_3350_8-22.pdf,2022-08-01
amam,easy_term,NE,59,female,0,10,150000,150000,standard_nt,,60,0.094,82.21,150000,Form_3350_8-22.pdf,2022-08-01
amam,easy_term,NE,59,female,0,10,200000,200000,standard_nt,,60,0.094,107.73,200000,Form_3350_8-22.pdf,2022-08-01
amam,easy_term,NE,59,female,0,10,250000,250000,standard_nt,,60,0.094,133.25,250000,Form_3350_8-22.pdf,2022-08-01
amam,easy_term,NE,59,female,0,10,300000,300000,standard_nt,,60,0.094,158.77,300000,Form_3350_8-22.pdf,2022-08-01
amam,easy_term,NE,59,female,1,10,100000,100000,standard_t,,60,0.094,131.04,100000,Form_3350_8-22.pdf,2022-08-01
amam,easy_term,NE,59,female,1,10,150000,150000,standard_t,,60,0.094,193.74,150000,Form_3350_8-22.pdf,2022-08-01
amam,easy_term,NE,59,female,1,10,200000,200000,standard_t,,60,0.094,256.44,200000,Form_3350_8-22.pdf,2022-08-01
amam,easy_term,NE,59,female,1,10,250000,250000,standard_t,,60,0.094,319.13,250000,Form_3350_8-22.pdf,2022-08-01
amam,easy_term,NE,59,female,1,10,300000,300000,standard_t,,60,0.094,381.83,300000,Form_3350_8-22.pdf,2022-08-01
amam,easy_term,NE,60,female,0,10,100000,100000,standard_nt,,60,0.094,59.13,100000,Form_3350_8-22.pdf,2022-08-01
amam,easy_term,NE,60,female,0,10,150000,150000,standard_nt,,60,0.094,85.87,150000,Form_3350_8-22.pdf,2022-08-01
amam,easy_term,NE,60,female,0,10,200000,200000,standard_nt,,60,0.094,112.62,200000,Form_3350_8-22.pdf,2022-08-01
amam,easy_term,NE,60,female,0,10,250000,250000,standard_nt,,60,0.094,139.36,250000,Form_3350_8-22.pdf,2022-08-01
amam,easy_term,NE,60,female,0,10,300000,300000,standard_nt,,60,0.094,166.10,300000,Form_3350_8-22.pdf,2022-08-01
amam,easy_term,NE,60,female,1,10,100000,100000,standard_t,,60,0.094,138.28,100000,Form_3350_8-22.pdf,2022-08-01
amam,easy_term,NE,60,female,1,10,150000,150000,standard_t,,60,0.094,204.60,150000,Form_3350_8-22.pdf,2022-08-01
amam,easy_term,NE,60,female,1,10,200000,200000,standard_t,,60,0.094,270.91,200000,Form_3350_8-22.pdf,2022-08-01
amam,easy_term,NE,60,female,1,10,250000,250000,standard_t,,60,0.094,337.23,250000,Form_3350_8-22.pdf,2022-08-01
amam,easy_term,NE,60,female,1,10,300000,300000,standard_t,,60,0.094,403.55,300000,Form_3350_8-22.pdf,2022-08-01
amam,easy_term,NE,61,female,0,10,100000,100000,standard_nt,,60,0.094,63.08,100000,Form_3350_8-22.pdf,2022-08-01
amam,easy_term,NE,61,female,0,10,150000,150000,standard_nt,,60,0.094,91.80,150000,Form_3350_8-22.pdf,2022-08-01
amam,easy_term,NE,61,female,0,10,200000,200000,standard_nt,,60,0.094,120.51,200000,Form_3350_8-22.pdf,2022-08-01
amam,easy_term,NE,61,female,0,10,250000,250000,standard_nt,,60,0.094,149.23,250000,Form_3350_8-22.pdf,2022-08-01
amam,easy_term,NE,61,female,0,10,300000,300000,standard_nt,,60,0.094,177.95,300000,Form_3350_8-22.pdf,2022-08-01
amam,easy_term,NE,61,female,1,10,100000,100000,standard_t,,60,0.094,149.09,100000,Form_3350_8-22.pdf,2022-08-01
amam,easy_term,NE,61,female,1,10,150000,150000,standard_t,,60,0.094,220.81,150000,Form_3350_8-22.pdf,2022-08-01
amam,easy_term,NE,61,female,1,10,200000,200000,standard_t,,60,0.094,292.53,200000,Form_3350_8-22.pdf,2022-08-01
amam,easy_term,NE,61,female,1,10,250000,250000,standard_t,,60,0.094,364.25,250000,Form_3350_8-22.pdf,2022-08-01
amam,easy_term,NE,61,female,1,10,300000,300000,standard_t,,60,0.094,435.98,300000,Form_3350_8-22.pdf,2022-08-01
amam,easy_term,NE,62,female,0,10,100000,100000,standard_nt,,60,0.094,67.40,100000,Form_3350_8-22.pdf,2022-08-01
amam,easy_term,NE,62,female,0,10,150000,150000,standard_nt,,60,0.094,98.28,150000,Form_3350_8-22.pdf,2022-08-01
amam,easy_term,NE,62,female,0,10,200000,200000,standard_nt,,60,0.094,129.16,200000,Form_3350_8-22.pdf,2022-08-01
amam,easy_term,NE,62,female,0,10,250000,250000,standard_nt,,60,0.094,160.04,250000,Form_3350_8-22.pdf,2022-08-01
amam,easy_term,NE,62,female,0,10,300000,300000,standard_nt,,60,0.094,190.92,300000,Form_3350_8-22.pdf,2022-08-01
amam,easy_term,NE,62,female,1,10,100000,100000,standard_t,,60,0.094,160.74,100000,Form_3350_8-22.pdf,2022-08-01
amam,easy_term,NE,62,female,1,10,150000,150000,standard_t,,60,0.094,238.29,150000,Form_3350_8-22.pdf,2022-08-01
amam,easy_term,NE,62,female,1,10,200000,200000,standard_t,,60,0.094,315.84,200000,Form_3350_8-22.pdf,2022-08-01
amam,easy_term,NE,62,female,1,10,250000,250000,standard_t,,60,0.094,393.39,250000,Form_3350_8-22.pdf,2022-08-01
amam,easy_term,NE,62,female,1,10,300000,300000,standard_t,,60,0.094,470.94,300000,Form_3350_8-22.pdf,2022-08-01
amam,easy_term,NE,63,female,0,10,100000,100000,standard_nt,,60,0.094,72.10,100000,Form_3350_8-22.pdf,2022-08-01
amam,easy_term,NE,63,female,0,10,150000,150000,standard_nt,,60,0.094,105.33,150000,Form_3350_8-22.pdf,2022-08-01
amam,easy_term,NE,63,female,0,10,200000,200000,standard_nt,,60,0.094,138.56,200000,Form_3350_8-22.pdf,2022-08-01
amam,easy_term,NE,63,female,0,10,250000,250000,standard_nt,,60,0.094,171.79,250000,Form_3350_8-22.pdf,2022-08-01
amam,easy_term,NE,63,female,0,10,300000,300000,standard_nt,,60,0.094,205.02,300000,Form_3350_8-22.pdf,2022-08-01
amam,easy_term,NE,63,female,1,10,100000,100000,standard_t,,60,0.094,173.62,100000,Form_3350_8-22.pdf,2022-08-01
amam,easy_term,NE,63,female,1,10,150000,150000,standard_t,,60,0.094,257.61,150000,Form_3350_8-22.pdf,2022-08-01
amam,easy_term,NE,63,female,1,10,200000,200000,standard_t,,60,0.094,341.60,200000,Form_3350_8-22.pdf,2022-08-01
amam,easy_term,NE,63,female,1,10,250000,250000,standard_t,,60,0.094,425.59,250000,Form_3350_8-22.pdf,2022-08-01
amam,easy_term,NE,63,female,1,10,300000,300000,standard_t,,60,0.094,509.58,300000,Form_3350_8-22.pdf,2022-08-01
amam,easy_term,NE,64,female,0,10,100000,100000,standard_nt,,60,0.094,77.27,100000,Form_3350_8-22.pdf,2022-08-01
amam,easy_term,NE,64,female,0,10,150000,150000,standard_nt,,60,0.094,113.09,150000,Form_3350_8-22.pdf,2022-08-01
amam,easy_term,NE,64,female,0,10,200000,200000,standard_nt,,60,0.094,148.90,200000,Form_3350_8-22.pdf,2022-08-01
amam,easy_term,NE,64,female,0,10,250000,250000,standard_nt,,60,0.094,184.71,250000,Form_3350_8-22.pdf,2022-08-01
amam,easy_term,NE,64,female,0,10,300000,300000,standard_nt,,60,0.094,220.53,300000,Form_3350_8-22.pdf,2022-08-01
amam,easy_term,NE,64,female,1,10,100000,100000,standard_t,,60,0.094,187.72,100000,Form_3350_8-22.pdf,2022-08-01
amam,easy_term,NE,64,female,1,10,150000,150000,standard_t,,60,0.094,278.76,150000,Form_3350_8-22.pdf,2022-08-01
amam,easy_term,NE,64,female,1,10,200000,200000,standard_t,,60,0.094,369.80,200000,Form_3350_8-22.pdf,2022-08-01
amam,easy_term,NE,64,female,1,10,250000,250000,standard_t,,60,0.094,460.84,250000,Form_3350_8-22.pdf,2022-08-01
amam,easy_term,NE,64,female,1,10,300000,300000,standard_t,,60,0.094,551.88,300000,Form_3350_8-22.pdf,2022-08-01
amam,easy_term,NE,66,female,0,10,100000,100000,standard_nt,,60,0.094,89.02,100000,Form_3350_8-22.pdf,2022-08-01
amam,easy_term,NE,66,female,0,10,150000,150000,standard_nt,,60,0.094,130.71,150000,Form_3350_8-22.pdf,2022-08-01
amam,easy_term,NE,66,female,0,10,200000,200000,standard_nt,,60,0.094,172.40,200000,Form_3350_8-22.pdf,2022-08-01
amam,easy_term,NE,66,female,0,10,250000,250000,standard_nt,,60,0.094,214.09,250000,Form_3350_8-22.pdf,2022-08-01
amam,easy_term,NE,66,female,0,10,300000,300000,standard_nt,,60,0.094,255.78,300000,Form_3350_8-22.pdf,2022-08-01
amam,easy_term,NE,66,female,1,10,100000,100000,standard_t,,60,0.094,220.34,100000,Form_3350_8-22.pdf,2022-08-01
amam,easy_term,NE,66,female,1,10,150000,150000,standard_t,,60,0.094,327.69,150000,Form_3350_8-22.pdf,2022-08-01
amam,easy_term,NE,66,female,1,10,200000,200000,standard_t,,60,0.094,435.04,200000,Form_3350_8-22.pdf,2022-08-01
amam,easy_term,NE,66,female,1,10,250000,250000,standard_t,,60,0.094,542.38,250000,Form_3350_8-22.pdf,2022-08-01
amam,easy_term,NE,66,female,1,10,300000,300000,standard_t,,60,0.094,649.73,300000,Form_3350_8-22.pdf,2022-08-01
amam,easy_term,NE,67,female,0,10,100000,100000,standard_nt,,60,0.094,95.79,100000,Form_3350_8-22.pdf,2022-08-01
amam,easy_term,NE,67,female,0,10,150000,150000,standard_nt,,60,0.094,140.86,150000,Form_3350_8-22.pdf,2022-08-01
amam,easy_term,NE,67,female,0,10,200000,200000,standard_nt,,60,0.094,185.94,200000,Form_3350_8-22.pdf,2022-08-01
amam,easy_term,NE,67,female,0,10,250000,250000,standard_nt,,60,0.094,231.01,250000,Form_3350_8-22.pdf,2022-08-01
amam,easy_term,NE,67,female,0,10,300000,300000,standard_nt,,60,0.094,276.08,300000,Form_3350_8-22.pdf,2022-08-01
amam,easy_term,NE,67,female,1,10,100000,100000,standard_t,,60,0.094,238.76,100000,Form_3350_8-22.pdf,2022-08-01
amam,easy_term,NE,67,female,1,10,150000,150000,standard_t,,60,0.094,355.32,150000,Form_3350_8-22.pdf,2022-08-01
amam,easy_term,NE,67,female,1,10,200000,200000,standard_t,,60,0.094,471.88,200000,Form_3350_8-22.pdf,2022-08-01
amam,easy_term,NE,67,female,1,10,250000,250000,standard_t,,60,0.094,588.44,250000,Form_3350_8-22.pdf,2022-08-01
amam,easy_term,NE,67,female,1,10,300000,300000,standard_t,,60,0.094,705.00,300000,Form_3350_8-22.pdf,2022-08-01
amam,easy_term,NE,68,female,0,10,100000,100000,standard_nt,,60,0.094,103.12,100000,Form_3350_8-22.pdf,2022-08-01
amam,easy_term,NE,68,female,0,10,150000,150000,standard_nt,,60,0.094,151.86,150000,Form_3350_8-22.pdf,2022-08-01
amam,easy_term,NE,68,female,0,10,200000,200000,standard_nt,,60,0.094,200.60,200000,Form_3350_8-22.pdf,2022-08-01
amam,easy_term,NE,68,female,0,10,250000,250000,standard_nt,,60,0.094,249.34,250000,Form_3350_8-22.pdf,2022-08-01
amam,easy_term,NE,68,female,0,10,300000,300000,standard_nt,,60,0.094,298.08,300000,Form_3350_8-22.pdf,2022-08-01
amam,easy_term,NE,68,female,1,10,100000,100000,standard_t,,60,0.094,258.88,100000,Form_3350_8-22.pdf,2022-08-01
amam,easy_term,NE,68,female,1,10,150000,150000,standard_t,,60,0.094,385.50,150000,Form_3350_8-22.pdf,2022-08-01
amam,easy_term,NE,68,female,1,10,200000,200000,standard_t,,60,0.094,512.12,200000,Form_3350_8-22.pdf,2022-08-01
amam,easy_term,NE,68,female,1,10,250000,250000,standard_t,,60,0.094,638.73,250000,Form_3350_8-22.pdf,2022-08-01
amam,easy_term,NE,68,female,1,10,300000,300000,standard_t,,60,0.094,765.35,300000,Form_3350_8-22.pdf,2022-08-01
amam,easy_term,NE,69,female,0,10,100000,100000,standard_nt,,60,0.094,111.11,100000,Form_3350_8-22.pdf,2022-08-01
amam,easy_term,NE,69,female,0,10,150000,150000,standard_nt,,60,0.094,163.85,150000,Form_3350_8-22.pdf,2022-08-01
amam,easy_term,NE,69,female,0,10,200000,200000,standard_nt,,60,0.094,216.58,200000,Form_3350_8-22.pdf,2022-08-01
amam,easy_term,NE,69,female,0,10,250000,250000,standard_nt,,60,0.094,269.31,250000,Form_3350_8-22.pdf,2022-08-01
amam,easy_term,NE,69,female,0,10,300000,300000,standard_nt,,60,0.094,322.05,300000,Form_3350_8-22.pdf,2022-08-01
amam,easy_term,NE,69,female,1,10,100000,100000,standard_t,,60,0.094,280.69,100000,Form_3350_8-22.pdf,2022-08-01
amam,easy_term,NE,69,female,1,10,150000,150000,standard_t,,60,0.094,418.21,150000,Form_3350_8-22.pdf,2022-08-01
amam,easy_term,NE,69,female,1,10,200000,200000,standard_t,,60,0.094,555.73,200000,Form_3350_8-22.pdf,2022-08-01
amam,easy_term,NE,69,female,1,10,250000,250000,standard_t,,60,0.094,693.25,250000,Form_3350_8-22.pdf,2022-08-01
amam,easy_term,NE,69,female,1,10,300000,300000,standard_t,,60,0.094,830.78,300000,Form_3350_8-22.pdf,2022-08-01
amam,easy_term,NE,70,female,0,10,100000,100000,standard_nt,,60,0.094,119.85,100000,Form_3350_8-22.pdf,2022-08-01
amam,easy_term,NE,70,female,0,10,150000,150000,standard_nt,,60,0.094,176.96,150000,Form_3350_8-22.pdf,2022-08-01
amam,easy_term,NE,70,female,0,10,200000,200000,standard_nt,,60,0.094,234.06,200000,Form_3350_8-22.pdf,2022-08-01
amam,easy_term,NE,70,female,0,10,250000,250000,standard_nt,,60,0.094,291.17,250000,Form_3350_8-22.pdf,2022-08-01
amam,easy_term,NE,70,female,0,10,300000,300000,standard_nt,,60,0.094,348.27,300000,Form_3350_8-22.pdf,2022-08-01
amam,easy_term,NE,70,female,1,10,100000,100000,standard_t,,60,0.094,304.28,100000,Form_3350_8-22.pdf,2022-08-01
amam,easy_term,NE,70,female,1,10,150000,150000,standard_t,,60,0.094,453.60,150000,Form_3350_8-22.pdf,2022-08-01
amam,easy_term,NE,70,female,1,10,200000,200000,standard_t,,60,0.094,602.92,200000,Form_3350_8-22.pdf,2022-08-01
amam,easy_term,NE,70,female,1,10,250000,250000,standard_t,,60,0.094,752.24,250000,Form_3350_8-22.pdf,2022-08-01
amam,easy_term,NE,70,female,1,10,300000,300000,standard_t,,60,0.094,901.56,300000,Form_3350_8-22.pdf,2022-08-01
amam,easy_term,NE,18,female,0,20,100000,100000,standard_nt,,60,0.094,24.54,100000,Form_3350_8-22.pdf,2022-08-01
amam,easy_term,NE,18,female,0,20,150000,150000,standard_nt,,60,0.094,33.99,150000,Form_3350_8-22.pdf,2022-08-01
amam,easy_term,NE,18,female,0,20,200000,200000,standard_nt,,60,0.094,43.43,200000,Form_3350_8-22.pdf,2022-08-01
amam,easy_term,NE,18,female,0,20,250000,250000,standard_nt,,60,0.094,52.88,250000,Form_3350_8-22.pdf,2022-08-01
amam,easy_term,NE,18,female,0,20,300000,300000,standard_nt,,60,0.094,62.33,300000,Form_3350_8-22.pdf,2022-08-01
amam,easy_term,NE,18,female,0,20,400000,400000,standard_nt,,60,0.094,81.22,400000,Form_3350_8-22.pdf,2022-08-01
amam,easy_term,NE,18,female,0,20,500000,500000,standard_nt,,60,0.094,100.11,500000,Form_3350_8-22.pdf,2022-08-01
amam,easy_term,NE,18,female,1,20,100000,100000,standard_t,,60,0.094,37.51,100000,Form_3350_8-22.pdf,2022-08-01
amam,easy_term,NE,18,female,1,20,150000,150000,standard_t,,60,0.094,53.44,150000,Form_3350_8-22.pdf,2022-08-01
amam,easy_term,NE,18,female,1,20,200000,200000,standard_t,,60,0.094,69.38,200000,Form_3350_8-22.pdf,2022-08-01
amam,easy_term,NE,18,female,1,20,250000,250000,standard_t,,60,0.094,85.31,250000,Form_3350_8-22.pdf,2022-08-01
amam,easy_term,NE,18,female,1,20,300000,300000,standard_t,,60,0.094,101.24,300000,Form_3350_8-22.pdf,2022-08-01
amam,easy_term,NE,18,female,1,20,400000,400000,standard_t,,60,0.094,133.11,400000,Form_3350_8-22.pdf,2022-08-01
amam,easy_term,NE,18,female,1,20,500000,500000,standard_t,,60,0.094,164.97,500000,Form_3350_8-22.pdf,2022-08-01
amam,easy_term,NE,19,female,0,20,100000,100000,standard_nt,,60,0.094,24.54,100000,Form_3350_8-22.pdf,2022-08-01
amam,easy_term,NE,19,female,0,20,150000,150000,standard_nt,,60,0.094,33.99,150000,Form_3350_8-22.pdf,2022-08-01
amam,easy_term,NE,19,female,0,20,200000,200000,standard_nt,,60,0.094,43.43,200000,Form_3350_8-22.pdf,2022-08-01
amam,easy_term,NE,19,female,0,20,250000,250000,standard_nt,,60,0.094,52.88,250000,Form_3350_8-22.pdf,2022-08-01
amam,easy_term,NE,19,female,0,20,300000,300000,standard_nt,,60,0.094,62.33,300000,Form_3350_8-22.pdf,2022-08-01
amam,easy_term,NE,19,female,0,20,400000,400000,standard_nt,,60,0.094,81.22,400000,Form_3350_8-22.pdf,2022-08-01
amam,easy_term,NE,19,female,0,20,500000,500000,standard_nt,,60,0.094,100.11,500000,Form_3350_8-22.pdf,2022-08-01
amam,easy_term,NE,19,female,1,20,100000,100000,standard_t,,60,0.094,37.51,100000,Form_3350_8-22.pdf,2022-08-01
amam,easy_term,NE,19,female,1,20,150000,150000,standard_t,,60,0.094,53.44,150000,Form_3350_8-22.pdf,2022-08-01
amam,easy_term,NE,19,female,1,20,200000,200000,standard_t,,60,0.094,69.38,200000,Form_3350_8-22.pdf,2022-08-01
amam,easy_term,NE,19,female,1,20,250000,250000,standard_t,,60,0.094,85.31,250000,Form_3350_8-22.pdf,2022-08-01
amam,easy_term,NE,19,female,1,20,300000,300000,standard_t,,60,0.094,101.24,300000,Form_3350_8-22.pdf,2022-08-01
amam,easy_term,NE,19,female,1,20,400000,400000,standard_t,,60,0.094,133.11,400000,Form_3350_8-22.pdf,2022-08-01
amam,easy_term,NE,19,female,1,20,500000,500000,standard_t,,60,0.094,164.97,500000,Form_3350_8-22.pdf,2022-08-01
amam,easy_term,NE,20,female,0,20,100000,100000,standard_nt,,60,0.094,24.54,100000,Form_3350_8-22.pdf,2022-08-01
amam,easy_term,NE,20,female,0,20,150000,150000,standard_nt,,60,0.094,33.99,150000,Form_3350_8-22.pdf,2022-08-01
amam,easy_term,NE,20,female,0,20,200000,200000,standard_nt,,60,0.094,43.43,200000,Form_3350_8-22.pdf,2022-08-01
amam,easy_term,NE,20,female,0,20,250000,250000,standard_nt,,60,0.094,52.88,250000,Form_3350_8-22.pdf,2022-08-01
amam,easy_term,NE,20,female,0,20,300000,300000,standard_nt,,60,0.094,62.33,300000,Form_3350_8-22.pdf,2022-08-01
amam,easy_term,NE,20,female,0,20,400000,400000,standard_nt,,60,0.094,81.22,400000,Form_3350_8-22.pdf,2022-08-01
amam,easy_term,NE,20,female,0,20,500000,500000,standard_nt,,60,0.094,100.11,500000,Form_3350_8-22.pdf,2022-08-01
amam,easy_term,NE,20,female,1,20,100000,100000,standard_t,,60,0.094,37.51,100000,Form_3350_8-22.pdf,2022-08-01
amam,easy_term,NE,20,female,1,20,150000,150000,standard_t,,60,0.094,53.44,150000,Form_3350_8-22.pdf,2022-08-01
amam,easy_term,NE,20,female,1,20,200000,200000,standard_t,,60,0.094,69.38,200000,Form_3350_8-22.pdf,2022-08-01
amam,easy_term,NE,20,female,1,20,250000,250000,standard_t,,60,0.094,85.31,250000,Form_3350_8-22.pdf,2022-08-01
amam,easy_term,NE,20,female,1,20,300000,300000,standard_t,,60,0.094,101.24,300000,Form_3350_8-22.pdf,2022-08-01
amam,easy_term,NE,20,female,1,20,400000,400000,standard_t,,60,0.094,133.11,400000,Form_3350_8-22.pdf,2022-08-01
amam,easy_term,NE,20,female,1,20,500000,500000,standard_t,,60,0.094,164.97,500000,Form_3350_8-22.pdf,2022-08-01
amam,easy_term,NE,21,female,0,20,100000,100000,standard_nt,,60,0.094,24.54,100000,Form_3350_8-22.pdf,2022-08-01
amam,easy_term,NE,21,female,0,20,150000,150000,standard_nt,,60,0.094,33.99,150000,Form_3350_8-22.pdf,2022-08-01
amam,easy_term,NE,21,female,0,20,200000,200000,standard_nt,,60,0.094,43.43,200000,Form_3350_8-22.pdf,2022-08-01
amam,easy_term,NE,21,female,0,20,250000,250000,standard_nt,,60,0.094,52.88,250000,Form_3350_8-22.pdf,2022-08-01
amam,easy_term,NE,21,female,0,20,300000,300000,standard_nt,,60,0.094,62.33,300000,Form_3350_8-22.pdf,2022-08-01
amam,easy_term,NE,21,female,0,20,400000,400000,standard_nt,,60,0.094,81.22,400000,Form_3350_8-22.pdf,2022-08-01
amam,easy_term,NE,21,female,0,20,500000,500000,standard_nt,,60,0.094,100.11,500000,Form_3350_8-22.pdf,2022-08-01
amam,easy_term,NE,21,female,1,20,100000,100000,standard_t,,60,0.094,37.51,100000,Form_3350_8-22.pdf,2022-08-01
amam,easy_term,NE,21,female,1,20,150000,150000,standard_t,,60,0.094,53.44,150000,Form_3350_8-22.pdf,2022-08-01
amam,easy_term,NE,21,female,1,20,200000,200000,standard_t,,60,0.094,69.38,200000,Form_3350_8-22.pdf,2022-08-01
amam,easy_term,NE,21,female,1,20,250000,250000,standard_t,,60,0.094,85.31,250000,Form_3350_8-22.pdf,2022-08-01
amam,easy_term,NE,21,female,1,20,300000,300000,standard_t,,60,0.094,101.24,300000,Form_3350_8-22.pdf,2022-08-01
amam,easy_term,NE,21,female,1,20,400000,400000,standard_t,,60,0.094,133.11,400000,Form_3350_8-22.pdf,2022-08-01
amam,easy_term,NE,21,female,1,20,500000,500000,standard_t,,60,0.094,164.97,500000,Form_3350_8-22.pdf,2022-08-01
amam,easy_term,NE,22,female,0,20,100000,100000,standard_nt,,60,0.094,24.54,100000,Form_3350_8-22.pdf,2022-08-01
amam,easy_term,NE,22,female,0,20,150000,150000,standard_nt,,60,0.094,33.99,150000,Form_3350_8-22.pdf,2022-08-01
amam,easy_term,NE,22,female,0,20,200000,200000,standard_nt,,60,0.094,43.43,200000,Form_3350_8-22.pdf,2022-08-01
amam,easy_term,NE,22,female,0,20,250000,250000,standard_nt,,60,0.094,52.88,250000,Form_3350_8-22.pdf,2022-08-01
amam,easy_term,NE,22,female,0,20,300000,300000,standard_nt,,60,0.094,62.33,300000,Form_3350_8-22.pdf,2022-08-01
amam,easy_term,NE,22,female,0,20,400000,400000,standard_nt,,60,0.094,81.22,400000,Form_3350_8-22.pdf,2022-08-01
amam,easy_term,NE,22,female,0,20,500000,500000,standard_nt,,60,0.094,100.11,500000,Form_3350_8-22.pdf,2022-08-01
amam,easy_term,NE,22,female,1,20,100000,100000,standard_t,,60,0.094,37.51,100000,Form_3350_8-22.pdf,2022-08-01
amam,easy_term,NE,22,female,1,20,150000,150000,standard_t,,60,0.094,53.44,150000,Form_3350_8-22.pdf,2022-08-01
amam,easy_term,NE,22,female,1,20,200000,200000,standard_t,,60,0.094,69.38,200000,Form_3350_8-22.pdf,2022-08-01
amam,easy_term,NE,22,female,1,20,250000,250000,standard_t,,60,0.094,85.31,250000,Form_3350_8-22.pdf,2022-08-01
amam,easy_term,NE,22,female,1,20,300000,300000,standard_t,,60,0.094,101.24,300000,Form_3350_8-22.pdf,2022-08-01
amam,easy_term,NE,22,female,1,20,400000,400000,standard_t,,60,0.094,133.11,400000,Form_3350_8-22.pdf,2022-08-01
amam,easy_term,NE,22,female,1,20,500000,500000,standard_t,,60,0.094,164.97,500000,Form_3350_8-22.pdf,2022-08-01
amam,easy_term,NE,23,female,0,20,100000,100000,standard_nt,,60,0.094,24.54,100000,Form_3350_8-22.pdf,2022-08-01
amam,easy_term,NE,23,female,0,20,150000,150000,standard_nt,,60,0.094,33.99,150000,Form_3350_8-22.pdf,2022-08-01
amam,easy_term,NE,23,female,0,20,200000,200000,standard_nt,,60,0.094,43.43,200000,Form_3350_8-22.pdf,2022-08-01
amam,easy_term,NE,23,female,0,20,250000,250000,standard_nt,,60,0.094,52.88,250000,Form_3350_8-22.pdf,2022-08-01
amam,easy_term,NE,23,female,0,20,300000,300000,standard_nt,,60,0.094,62.33,300000,Form_3350_8-22.pdf,2022-08-01
amam,easy_term,NE,23,female,0,20,400000,400000,standard_nt,,60,0.094,81.22,400000,Form_3350_8-22.pdf,2022-08-01
amam,easy_term,NE,23,female,0,20,500000,500000,standard_nt,,60,0.094,100.11,500000,Form_3350_8-22.pdf,2022-08-01
amam,easy_term,NE,23,female,1,20,100000,100000,standard_t,,60,0.094,37.51,100000,Form_3350_8-22.pdf,2022-08-01
amam,easy_term,NE,23,female,1,20,150000,150000,standard_t,,60,0.094,53.44,150000,Form_3350_8-22.pdf,2022-08-01
amam,easy_term,NE,23,female,1,20,200000,200000,standard_t,,60,0.094,69.38,200000,Form_3350_8-22.pdf,2022-08-01
amam,easy_term,NE,23,female,1,20,250000,250000,standard_t,,60,0.094,85.31,250000,Form_3350_8-22.pdf,2022-08-01
amam,easy_term,NE,23,female,1,20,300000,300000,standard_t,,60,0.094,101.24,300000,Form_3350_8-22.pdf,2022-08-01
amam,easy_term,NE,23,female,1,20,400000,400000,standard_t,,60,0.094,133.11,400000,Form_3350_8-22.pdf,2022-08-01
amam,easy_term,NE,23,female,1,20,500000,500000,standard_t,,60,0.094,164.97,500000,Form_3350_8-22.pdf,2022-08-01
amam,easy_term,NE,24,female,0,20,100000,100000,standard_nt,,60,0.094,24.54,100000,Form_3350_8-22.pdf,2022-08-01
amam,easy_term,NE,24,female,0,20,150000,150000,standard_nt,,60,0.094,33.99,150000,Form_3350_8-22.pdf,2022-08-01
amam,easy_term,NE,24,female,0,20,200000,200000,standard_nt,,60,0.094,43.43,200000,Form_3350_8-22.pdf,2022-08-01
amam,easy_term,NE,24,female,0,20,250000,250000,standard_nt,,60,0.094,52.88,250000,Form_3350_8-22.pdf,2022-08-01
amam,easy_term,NE,24,female,0,20,300000,300000,standard_nt,,60,0.094,62.33,300000,Form_3350_8-22.pdf,2022-08-01
amam,easy_term,NE,24,female,0,20,400000,400000,standard_nt,,60,0.094,81.22,400000,Form_3350_8-22.pdf,2022-08-01
amam,easy_term,NE,24,female,0,20,500000,500000,standard_nt,,60,0.094,100.11,500000,Form_3350_8-22.pdf,2022-08-01
amam,easy_term,NE,24,female,1,20,100000,100000,standard_t,,60,0.094,37.51,100000,Form_3350_8-22.pdf,2022-08-01
amam,easy_term,NE,24,female,1,20,150000,150000,standard_t,,60,0.094,53.44,150000,Form_3350_8-22.pdf,2022-08-01
amam,easy_term,NE,24,female,1,20,200000,200000,standard_t,,60,0.094,69.38,200000,Form_3350_8-22.pdf,2022-08-01
amam,easy_term,NE,24,female,1,20,250000,250000,standard_t,,60,0.094,85.31,250000,Form_3350_8-22.pdf,2022-08-01
amam,easy_term,NE,24,female,1,20,300000,300000,standard_t,,60,0.094,101.24,300000,Form_3350_8-22.pdf,2022-08-01
amam,easy_term,NE,24,female,1,20,400000,400000,standard_t,,60,0.094,133.11,400000,Form_3350_8-22.pdf,2022-08-01
amam,easy_term,NE,24,female,1,20,500000,500000,standard_t,,60,0.094,164.97,500000,Form_3350_8-22.pdf,2022-08-01
amam,easy_term,NE,25,female,0,20,100000,100000,standard_nt,,60,0.094,24.54,100000,Form_3350_8-22.pdf,2022-08-01
amam,easy_term,NE,25,female,0,20,150000,150000,standard_nt,,60,0.094,33.99,150000,Form_3350_8-22.pdf,2022-08-01
amam,easy_term,NE,25,female,0,20,200000,200000,standard_nt,,60,0.094,43.43,200000,Form_3350_8-22.pdf,2022-08-01
amam,easy_term,NE,25,female,0,20,250000,250000,standard_nt,,60,0.094,52.88,250000,Form_3350_8-22.pdf,2022-08-01
amam,easy_term,NE,25,female,0,20,300000,300000,standard_nt,,60,0.094,62.33,300000,Form_3350_8-22.pdf,2022-08-01
amam,easy_term,NE,25,female,0,20,400000,400000,standard_nt,,60,0.094,81.22,400000,Form_3350_8-22.pdf,2022-08-01
amam,easy_term,NE,25,female,0,20,500000,500000,standard_nt,,60,0.094,100.11,500000,Form_3350_8-22.pdf,2022-08-01
amam,easy_term,NE,25,female,1,20,100000,100000,standard_t,,60,0.094,37.51,100000,Form_3350_8-22.pdf,2022-08-01
amam,easy_term,NE,25,female,1,20,150000,150000,standard_t,,60,0.094,53.44,150000,Form_3350_8-22.pdf,2022-08-01
amam,easy_term,NE,25,female,1,20,200000,200000,standard_t,,60,0.094,69.38,200000,Form_3350_8-22.pdf,2022-08-01
amam,easy_term,NE,25,female,1,20,250000,250000,standard_t,,60,0.094,85.31,250000,Form_3350_8-22.pdf,2022-08-01
amam,easy_term,NE,25,female,1,20,300000,300000,standard_t,,60,0.094,101.24,300000,Form_3350_8-22.pdf,2022-08-01
amam,easy_term,NE,25,female,1,20,400000,400000,standard_t,,60,0.094,133.11,400000,Form_3350_8-22.pdf,2022-08-01
amam,easy_term,NE,25,female,1,20,500000,500000,standard_t,,60,0.094,164.97,500000,Form_3350_8-22.pdf,2022-08-01
amam,easy_term,NE,26,female,0,20,100000,100000,standard_nt,,60,0.094,24.63,100000,Form_3350_8-22.pdf,2022-08-01
amam,easy_term,NE,26,female,0,20,150000,150000,standard_nt,,60,0.094,34.13,150000,Form_3350_8-22.pdf,2022-08-01
amam,easy_term,NE,26,female,0,20,200000,200000,standard_nt,,60,0.094,43.62,200000,Form_3350_8-22.pdf,2022-08-01
amam,easy_term,NE,26,female,0,20,250000,250000,standard_nt,,60,0.094,53.11,250000,Form_3350_8-22.pdf,2022-08-01
amam,easy_term,NE,26,female,0,20,300000,300000,standard_nt,,60,0.094,62.61,300000,Form_3350_8-22.pdf,2022-08-01
amam,easy_term,NE,26,female,0,20,400000,400000,standard_nt,,60,0.094,81.60,400000,Form_3350_8-22.pdf,2022-08-01
amam,easy_term,NE,26,female,0,20,500000,500000,standard_nt,,60,0.094,100.58,500000,Form_3350_8-22.pdf,2022-08-01
amam,easy_term,NE,26,female,1,20,100000,100000,standard_t,,60,0.094,38.45,100000,Form_3350_8-22.pdf,2022-08-01
amam,easy_term,NE,26,female,1,20,150000,150000,standard_t,,60,0.094,54.85,150000,Form_3350_8-22.pdf,2022-08-01
amam,easy_term,NE,26,female,1,20,200000,200000,standard_t,,60,0.094,71.26,200000,Form_3350_8-22.pdf,2022-08-01
amam,easy_term,NE,26,female,1,20,250000,250000,standard_t,,60,0.094,87.66,250000,Form_3350_8-22.pdf,2022-08-01
amam,easy_term,NE,26,female,1,20,300000,300000,standard_t,,60,0.094,104.06,300000,Form_3350_8-22.pdf,2022-08-01
amam,easy_term,NE,26,female,1,20,400000,400000,standard_t,,60,0.094,136.87,400000,Form_3350_8-22.pdf,2022-08-01
amam,easy_term,NE,26,female,1,20,500000,500000,standard_t,,60,0.094,169.67,500000,Form_3350_8-22.pdf,2022-08-01
amam,easy_term,NE,27,female,0,20,100000,100000,standard_nt,,60,0.094,25.01,100000,Form_3350_8-22.pdf,2022-08-01
amam,easy_term,NE,27,female,0,20,150000,150000,standard_nt,,60,0.094,34.69,150000,Form_3350_8-22.pdf,2022-08-01
amam,easy_term,NE,27,female,0,20,200000,200000,standard_nt,,60,0.094,44.37,200000,Form_3350_8-22.pdf,2022-08-01
amam,easy_term,NE,27,female,0,20,250000,250000,standard_nt,,60,0.094,54.05,250000,Form_3350_8-22.pdf,2022-08-01
amam,easy_term,NE,27,female,0,20,300000,300000,standard_nt,,60,0.094,63.74,300000,Form_3350_8-22.pdf,2022-08-01
amam,easy_term,NE,27,female,0,20,400000,400000,standard_nt,,60,0.094,83.10,400000,Form_3350_8-22.pdf,2022-08-01
amam,easy_term,NE,27,female,0,20,500000,500000,standard_nt,,60,0.094,102.46,500000,Form_3350_8-22.pdf,2022-08-01
amam,easy_term,NE,27,female,1,20,100000,100000,standard_t,,60,0.094,39.48,100000,Form_3350_8-22.pdf,2022-08-01
amam,easy_term,NE,27,female,1,20,150000,150000,standard_t,,60,0.094,56.40,150000,Form_3350_8-22.pdf,2022-08-01
amam,easy_term,NE,27,female,1,20,200000,200000,standard_t,,60,0.094,73.32,200000,Form_3350_8-22.pdf,2022-08-01
amam,easy_term,NE,27,female,1,20,250000,250000,standard_t,,60,0.094,90.24,250000,Form_3350_8-22.pdf,2022-08-01
amam,easy_term,NE,27,female,1,20,300000,300000,standard_t,,60,0.094,107.16,300000,Form_3350_8-22.pdf,2022-08-01
amam,easy_term,NE,27,female,1,20,400000,400000,standard_t,,60,0.094,141.00,400000,Form_3350_8-22.pdf,2022-08-01
amam,easy_term,NE,27,female,1,20,500000,500000,standard_t,,60,0.094,174.84,500000,Form_3350_8-22.pdf,2022-08-01
amam,easy_term,NE,28,female,0,20,100000,100000,standard_nt,,60,0.094,25.10,100000,Form_3350_8-22.pdf,2022-08-01
amam,easy_term,NE,28,female,0,20,150000,150000,standard_nt,,60,0.094,34.83,150000,Form_3350_8-22.pdf,2022-08-01
amam,easy_term,NE,28,female,0,20,200000,200000,standard_nt,,60,0.094,44.56,200000,Form_3350_8-22.pdf,2022-08-01
amam,easy_term,NE,28,female,0,20,250000,250000,standard_nt,,60,0.094,54.29,250000,Form_3350_8-22.pdf,2022-08-01
amam,easy_term,NE,28,female,0,20,300000,300000,standard_nt,,60,0.094,64.02,300000,Form_3350_8-22.pdf,2022-08-01
amam,easy_term,NE,28,female,0,20,400000,400000,standard_nt,,60,0.094,83.48,400000,Form_3350_8-22.pdf,2022-08-01
amam,easy_term,NE,28,female,0,20,500000,500000,standard_nt,,60,0.094,102.93,500000,Form_3350_8-22.pdf,2022-08-01
amam,easy_term,NE,28,female,1,20,100000,100000,standard_t,,60,0.094,40.24,100000,Form_3350_8-22.pdf,2022-08-01
amam,easy_term,NE,28,female,1,20,150000,150000,standard_t,,60,0.094,57.53,150000,Form_3350_8-22.pdf,2022-08-01
amam,easy_term,NE,28,female,1,20,200000,200000,standard_t,,60,0.094,74.83,200000,Form_3350_8-22.pdf,2022-08-01
amam,easy_term,NE,28,female,1,20,250000,250000,standard_t,,60,0.094,92.12,250000,Form_3350_8-22.pdf,2022-08-01
amam,easy_term,NE,28,female,1,20,300000,300000,standard_t,,60,0.094,109.42,300000,Form_3350_8-22.pdf,2022-08-01
amam,easy_term,NE,28,female,1,20,400000,400000,standard_t,,60,0.094,144.01,400000,Form_3350_8-22.pdf,2022-08-01
amam,easy_term,NE,28,female,1,20,500000,500000,standard_t,,60,0.094,178.60,500000,Form_3350_8-22.pdf,2022-08-01
amam,easy_term,NE,29,female,0,20,100000,100000,standard_nt,,60,0.094,25.20,100000,Form_3350_8-22.pdf,2022-08-01
amam,easy_term,NE,29,female,0,20,150000,150000,standard_nt,,60,0.094,34.97,150000,Form_3350_8-22.pdf,2022-08-01
amam,easy_term,NE,29,female,0,20,200000,200000,standard_nt,,60,0.094,44.75,200000,Form_3350_8-22.pdf,2022-08-01
amam,easy_term,NE,29,female,0,20,250000,250000,standard_nt,,60,0.094,54.52,250000,Form_3350_8-22.pdf,2022-08-01
amam,easy_term,NE,29,female,0,20,300000,300000,standard_nt,,60,0.094,64.30,300000,Form_3350_8-22.pdf,2022-08-01
amam,easy_term,NE,29,female,0,20,400000,400000,standard_nt,,60,0.094,83.85,400000,Form_3350_8-22.pdf,2022-08-01
amam,easy_term,NE,29,female,0,20,500000,500000,standard_nt,,60,0.094,103.40,500000,Form_3350_8-22.pdf,2022-08-01
amam,easy_term,NE,29,female,1,20,100000,100000,standard_t,,60,0.094,41.18,100000,Form_3350_8-22.pdf,2022-08-01
amam,easy_term,NE,29,female,1,20,150000,150000,standard_t,,60,0.094,58.94,150000,Form_3350_8-22.pdf,2022-08-01
amam,easy_term,NE,29,female,1,20,200000,200000,standard_t,,60,0.094,76.71,200000,Form_3350_8-22.pdf,2022-08-01
amam,easy_term,NE,29,female,1,20,250000,250000,standard_t,,60,0.094,94.47,250000,Form_3350_8-22.pdf,2022-08-01
amam,easy_term,NE,29,female,1,20,300000,300000,standard_t,,60,0.094,112.24,300000,Form_3350_8-22.pdf,2022-08-01
amam,easy_term,NE,29,female,1,20,400000,400000,standard_t,,60,0.094,147.77,400000,Form_3350_8-22.pdf,2022-08-01
amam,easy_term,NE,29,female,1,20,500000,500000,standard_t,,60,0.094,183.30,500000,Form_3350_8-22.pdf,2022-08-01
amam,easy_term,NE,30,female,0,20,100000,100000,standard_nt,,60,0.094,25.48,100000,Form_3350_8-22.pdf,2022-08-01
amam,easy_term,NE,30,female,0,20,150000,150000,standard_nt,,60,0.094,35.40,150000,Form_3350_8-22.pdf,2022-08-01
amam,easy_term,NE,30,female,0,20,200000,200000,standard_nt,,60,0.094,45.31,200000,Form_3350_8-22.pdf,2022-08-01
amam,easy_term,NE,30,female,0,20,250000,250000,standard_nt,,60,0.094,55.23,250000,Form_3350_8-22.pdf,2022-08-01
amam,easy_term,NE,30,female,0,20,300000,300000,standard_nt,,60,0.094,65.15,300000,Form_3350_8-22.pdf,2022-08-01
amam,easy_term,NE,30,female,0,20,400000,400000,standard_nt,,60,0.094,84.98,400000,Form_3350_8-22.pdf,2022-08-01
amam,easy_term,NE,30,female,0,20,500000,500000,standard_nt,,60,0.094,104.81,500000,Form_3350_8-22.pdf,2022-08-01
amam,easy_term,NE,30,female,1,20,100000,100000,standard_t,,60,0.094,42.30,100000,Form_3350_8-22.pdf,2022-08-01
amam,easy_term,NE,30,female,1,20,150000,150000,standard_t,,60,0.094,60.63,150000,Form_3350_8-22.pdf,2022-08-01
amam,easy_term,NE,30,female,1,20,200000,200000,standard_t,,60,0.094,78.96,200000,Form_3350_8-22.pdf,2022-08-01
amam,easy_term,NE,30,female,1,20,250000,250000,standard_t,,60,0.094,97.29,250000,Form_3350_8-22.pdf,2022-08-01
amam,easy_term,NE,30,female,1,20,300000,300000,standard_t,,60,0.094,115.62,300000,Form_3350_8-22.pdf,2022-08-01
amam,easy_term,NE,30,female,1,20,400000,400000,standard_t,,60,0.094,152.28,400000,Form_3350_8-22.pdf,2022-08-01
amam,easy_term,NE,30,female,1,20,500000,500000,standard_t,,60,0.094,188.94,500000,Form_3350_8-22.pdf,2022-08-01
amam,easy_term,NE,31,female,0,20,100000,100000,standard_nt,,60,0.094,25.67,100000,Form_3350_8-22.pdf,2022-08-01
amam,easy_term,NE,31,female,0,20,150000,150000,standard_nt,,60,0.094,35.68,150000,Form_3350_8-22.pdf,2022-08-01
amam,easy_term,NE,31,female,0,20,200000,200000,standard_nt,,60,0.094,45.69,200000,Form_3350_8-22.pdf,2022-08-01
amam,easy_term,NE,31,female,0,20,250000,250000,standard_nt,,60,0.094,55.70,250000,Form_3350_8-22.pdf,2022-08-01
amam,easy_term,NE,31,female,0,20,300000,300000,standard_nt,,60,0.094,65.71,300000,Form_3350_8-22.pdf,2022-08-01
amam,easy_term,NE,31,female,0,20,400000,400000,standard_nt,,60,0.094,85.73,400000,Form_3350_8-22.pdf,2022-08-01
amam,easy_term,NE,31,female,0,20,500000,500000,standard_nt,,60,0.094,105.75,500000,Form_3350_8-22.pdf,2022-08-01
amam,easy_term,NE,31,female,1,20,100000,100000,standard_t,,60,0.094,43.06,100000,Form_3350_8-22.pdf,2022-08-01
amam,easy_term,NE,31,female,1,20,150000,150000,standard_t,,60,0.094,61.76,150000,Form_3350_8-22.pdf,2022-08-01
amam,easy_term,NE,31,female,1,20,200000,200000,standard_t,,60,0.094,80.47,200000,Form_3350_8-22.pdf,2022-08-01
amam,easy_term,NE,31,female,1,20,250000,250000,standard_t,,60,0.094,99.17,250000,Form_3350_8-22.pdf,2022-08-01
amam,easy_term,NE,31,female,1,20,300000,300000,standard_t,,60,0.094,117.88,300000,Form_3350_8-22.pdf,2022-08-01
amam,easy_term,NE,31,female,1,20,400000,400000,standard_t,,60,0.094,155.29,400000,Form_3350_8-22.pdf,2022-08-01
amam,easy_term,NE,31,female,1,20,500000,500000,standard_t,,60,0.094,192.70,500000,Form_3350_8-22.pdf,2022-08-01
amam,easy_term,NE,32,female,0,20,100000,100000,standard_nt,,60,0.094,25.76,100000,Form_3350_8-22.pdf,2022-08-01
amam,easy_term,NE,32,female,0,20,150000,150000,standard_nt,,60,0.094,35.82,150000,Form_3350_8-22.pdf,2022-08-01
amam,easy_term,NE,32,female,0,20,200000,200000,standard_nt,,60,0.094,45.88,200000,Form_3350_8-22.pdf,2022-08-01
amam,easy_term,NE,32,female,0,20,250000,250000,standard_nt,,60,0.094,55.93,250000,Form_3350_8-22.pdf,2022-08-01
amam,easy_term,NE,32,female,0,20,300000,300000,standard_nt,,60,0.094,65.99,300000,Form_3350_8-22.pdf,2022-08-01
amam,easy_term,NE,32,female,0,20,400000,400000,standard_nt,,60,0.094,86.11,400000,Form_3350_8-22.pdf,2022-08-01
amam,easy_term,NE,32,female,0,20,500000,500000,standard_nt,,60,0.094,106.22,500000,Form_3350_8-22.pdf,2022-08-01
amam,easy_term,NE,32,female,1,20,100000,100000,standard_t,,60,0.094,44.00,100000,Form_3350_8-22.pdf,2022-08-01
amam,easy_term,NE,32,female,1,20,150000,150000,standard_t,,60,0.094,63.17,150000,Form_3350_8-22.pdf,2022-08-01
amam,easy_term,NE,32,female,1,20,200000,200000,standard_t,,60,0.094,82.35,200000,Form_3350_8-22.pdf,2022-08-01
amam,easy_term,NE,32,female,1,20,250000,250000,standard_t,,60,0.094,101.52,250000,Form_3350_8-22.pdf,2022-08-01
amam,easy_term,NE,32,female,1,20,300000,300000,standard_t,,60,0.094,120.70,300000,Form_3350_8-22.pdf,2022-08-01
amam,easy_term,NE,32,female,1,20,400000,400000,standard_t,,60,0.094,159.05,400000,Form_3350_8-22.pdf,2022-08-01
amam,easy_term,NE,32,female,1,20,500000,500000,standard_t,,60,0.094,197.40,500000,Form_3350_8-22.pdf,2022-08-01
amam,easy_term,NE,33,female,0,20,100000,100000,standard_nt,,60,0.094,25.95,100000,Form_3350_8-22.pdf,2022-08-01
amam,easy_term,NE,33,female,0,20,150000,150000,standard_nt,,60,0.094,36.10,150000,Form_3350_8-22.pdf,2022-08-01
amam,easy_term,NE,33,female,0,20,200000,200000,standard_nt,,60,0.094,46.25,200000,Form_3350_8-22.pdf,2022-08-01
amam,easy_term,NE,33,female,0,20,250000,250000,standard_nt,,60,0.094,56.40,250000,Form_3350_8-22.pdf,2022-08-01
amam,easy_term,NE,33,female,0,20,300000,300000,standard_nt,,60,0.094,66.56,300000,Form_3350_8-22.pdf,2022-08-01
amam,easy_term,NE,33,female,0,20,400000,400000,standard_nt,,60,0.094,86.86,400000,Form_3350_8-22.pdf,2022-08-01
amam,easy_term,NE,33,female,0,20,500000,500000,standard_nt,,60,0.094,107.16,500000,Form_3350_8-22.pdf,2022-08-01
amam,easy_term,NE,33,female,1,20,100000,100000,standard_t,,60,0.094,44.94,100000,Form_3350_8-22.pdf,2022-08-01
amam,easy_term,NE,33,female,1,20,150000,150000,standard_t,,60,0.094,64.58,150000,Form_3350_8-22.pdf,2022-08-01
amam,easy_term,NE,33,female,1,20,200000,200000,standard_t,,60,0.094,84.23,200000,Form_3350_8-22.pdf,2022-08-01
amam,easy_term,NE,33,female,1,20,250000,250000,standard_t,,60,0.094,103.87,250000,Form_3350_8-22.pdf,2022-08-01
amam,easy_term,NE,33,female,1,20,300000,300000,standard_t,,60,0.094,123.52,300000,Form_3350_8-22.pdf,2022-08-01
amam,easy_term,NE,33,female,1,20,400000,400000,standard_t,,60,0.094,162.81,400000,Form_3350_8-22.pdf,2022-08-01
amam,easy_term,NE,33,female,1,20,500000,500000,standard_t,,60,0.094,202.10,500000,Form_3350_8-22.pdf,2022-08-01
amam,easy_term,NE,34,female,0,20,100000,100000,standard_nt,,60,0.094,26.14,100000,Form_3350_8-22.pdf,2022-08-01
amam,easy_term,NE,34,female,0,20,150000,150000,standard_nt,,60,0.094,36.38,150000,Form_3350_8-22.pdf,2022-08-01
amam,easy_term,NE,34,female,0,20,200000,200000,standard_nt,,60,0.094,46.63,200000,Form_3350_8-22.pdf,2022-08-01
amam,easy_term,NE,34,female,0,20,250000,250000,standard_nt,,60,0.094,56.87,250000,Form_3350_8-22.pdf,2022-08-01
amam,easy_term,NE,34,female,0,20,300000,300000,standard_nt,,60,0.094,67.12,300000,Form_3350_8-22.pdf,2022-08-01
amam,easy_term,NE,34,female,0,20,400000,400000,standard_nt,,60,0.094,87.61,400000,Form_3350_8-22.pdf,2022-08-01
amam,easy_term,NE,34,female,0,20,500000,500000,standard_nt,,60,0.094,108.10,500000,Form_3350_8-22.pdf,2022-08-01
amam,easy_term,NE,34,female,1,20,100000,100000,standard_t,,60,0.094,45.97,100000,Form_3350_8-22.pdf,2022-08-01
amam,easy_term,NE,34,female,1,20,150000,150000,standard_t,,60,0.094,66.13,150000,Form_3350_8-22.pdf,2022-08-01
amam,easy_term,NE,34,female,1,20,200000,200000,standard_t,,60,0.094,86.30,200000,Form_3350_8-22.pdf,2022-08-01
amam,easy_term,NE,34,female,1,20,250000,250000,standard_t,,60,0.094,106.46,250000,Form_3350_8-22.pdf,2022-08-01
amam,easy_term,NE,34,female,1,20,300000,300000,standard_t,,60,0.094,126.62,300000,Form_3350_8-22.pdf,2022-08-01
amam,easy_term,NE,34,female,1,20,400000,400000,standard_t,,60,0.094,166.95,400000,Form_3350_8-22.pdf,2022-08-01
amam,easy_term,NE,34,female,1,20,500000,500000,standard_t,,60,0.094,207.27,500000,Form_3350_8-22.pdf,2022-08-01
amam,easy_term,NE,35,female,0,20,100000,100000,standard_nt,,60,0.094,26.23,100000,Form_3350_8-22.pdf,2022-08-01
amam,easy_term,NE,35,female,0,20,150000,150000,standard_nt,,60,0.094,36.52,150000,Form_3350_8-22.pdf,2022-08-01
amam,easy_term,NE,35,female,0,20,200000,200000,standard_nt,,60,0.094,46.82,200000,Form_3350_8-22.pdf,2022-08-01
amam,easy_term,NE,35,female,0,20,250000,250000,standard_nt,,60,0.094,57.11,250000,Form_3350_8-22.pdf,2022-08-01
amam,easy_term,NE,35,female,0,20,300000,300000,standard_nt,,60,0.094,67.40,300000,Form_3350_8-22.pdf,2022-08-01
amam,easy_term,NE,35,female,0,20,400000,400000,standard_nt,,60,0.094,87.99,400000,Form_3350_8-22.pdf,2022-08-01
amam,easy_term,NE,35,female,0,20,500000,500000,standard_nt,,60,0.094,108.57,500000,Form_3350_8-22.pdf,2022-08-01
amam,easy_term,NE,35,female,1,20,100000,100000,standard_t,,60,0.094,46.72,100000,Form_3350_8-22.pdf,2022-08-01
amam,easy_term,NE,35,female,1,20,150000,150000,standard_t,,60,0.094,67.26,150000,Form_3350_8-22.pdf,2022-08-01
amam,easy_term,NE,35,female,1,20,200000,200000,standard_t,,60,0.094,87.80,200000,Form_3350_8-22.pdf,2022-08-01
amam,easy_term,NE,35,female,1,20,250000,250000,standard_t,,60,0.094,108.34,250000,Form_3350_8-22.pdf,2022-08-01
amam,easy_term,NE,35,female,1,20,300000,300000,standard_t,,60,0.094,128.88,300000,Form_3350_8-22.pdf,2022-08-01
amam,easy_term,NE,35,female,1,20,400000,400000,standard_t,,60,0.094,169.96,400000,Form_3350_8-22.pdf,2022-08-01
amam,easy_term,NE,35,female,1,20,500000,500000,standard_t,,60,0.094,211.03,500000,Form_3350_8-22.pdf,2022-08-01
amam,easy_term,NE,36,female,0,20,100000,100000,standard_nt,,60,0.094,26.79,100000,Form_3350_8-22.pdf,2022-08-01
amam,easy_term,NE,36,female,0,20,150000,150000,standard_nt,,60,0.094,37.37,150000,Form_3350_8-22.pdf,2022-08-01
amam,easy_term,NE,36,female,0,20,200000,200000,standard_nt,,60,0.094,47.94,200000,Form_3350_8-22.pdf,2022-08-01
amam,easy_term,NE,36,female,0,20,250000,250000,standard_nt,,60,0.094,58.52,250000,Form_3350_8-22.pdf,2022-08-01
amam,easy_term,NE,36,female,0,20,300000,300000,standard_nt,,60,0.094,69.09,300000,Form_3350_8-22.pdf,2022-08-01
amam,easy_term,NE,36,female,0,20,400000,400000,standard_nt,,60,0.094,90.24,400000,Form_3350_8-22.pdf,2022-08-01
amam,easy_term,NE,36,female,0,20,500000,500000,standard_nt,,60,0.094,111.39,500000,Form_3350_8-22.pdf,2022-08-01
amam,easy_term,NE,36,female,1,20,100000,100000,standard_t,,60,0.094,49.54,100000,Form_3350_8-22.pdf,2022-08-01
amam,easy_term,NE,36,female,1,20,150000,150000,standard_t,,60,0.094,71.49,150000,Form_3350_8-22.pdf,2022-08-01
amam,easy_term,NE,36,female,1,20,200000,200000,standard_t,,60,0.094,93.44,200000,Form_3350_8-22.pdf,2022-08-01
amam,easy_term,NE,36,female,1,20,250000,250000,standard_t,,60,0.094,115.39,250000,Form_3350_8-22.pdf,2022-08-01
amam,easy_term,NE,36,female,1,20,300000,300000,standard_t,,60,0.094,137.34,300000,Form_3350_8-22.pdf,2022-08-01
amam,easy_term,NE,36,female,1,20,400000,400000,standard_t,,60,0.094,181.24,400000,Form_3350_8-22.pdf,2022-08-01
amam,easy_term,NE,36,female,1,20,500000,500000,standard_t,,60,0.094,225.13,500000,Form_3350_8-22.pdf,2022-08-01
amam,easy_term,NE,37,female,0,20,100000,100000,standard_nt,,60,0.094,28.11,100000,Form_3350_8-22.pdf,2022-08-01
amam,easy_term,NE,37,female,0,20,150000,150000,standard_nt,,60,0.094,39.34,150000,Form_3350_8-22.pdf,2022-08-01
amam,easy_term,NE,37,female,0,20,200000,200000,standard_nt,,60,0.094,50.58,200000,Form_3350_8-22.pdf,2022-08-01
amam,easy_term,NE,37,female,0,20,250000,250000,standard_nt,,60,0.094,61.81,250000,Form_3350_8-22.pdf,2022-08-01
amam,easy_term,NE,37,female,0,20,300000,300000,standard_nt,,60,0.094,73.04,300000,Form_3350_8-22.pdf,2022-08-01
amam,easy_term,NE,37,female,0,20,400000,400000,standard_nt,,60,0.094,95.51,400000,Form_3350_8-22.pdf,2022-08-01
amam,easy_term,NE,37,female,0,20,500000,500000,standard_nt,,60,0.094,117.97,500000,Form_3350_8-22.pdf,2022-08-01
amam,easy_term,NE,37,female,1,20,100000,100000,standard_t,,60,0.094,52.46,100000,Form_3350_8-22.pdf,2022-08-01
amam,easy_term,NE,37,female,1,20,150000,150000,standard_t,,60,0.094,75.86,150000,Form_3350_8-22.pdf,2022-08-01
amam,easy_term,NE,37,female,1,20,200000,200000,standard_t,,60,0.094,99.27,200000,Form_3350_8-22.pdf,2022-08-01
amam,easy_term,NE,37,female,1,20,250000,250000,standard_t,,60,0.094,122.67,250000,Form_3350_8-22.pdf,2022-08-01
amam,easy_term,NE,37,female,1,20,300000,300000,standard_t,,60,0.094,146.08,300000,Form_3350_8-22.pdf,2022-08-01
amam,easy_term,NE,37,female,1,20,400000,400000,standard_t,,60,0.094,192.89,400000,Form_3350_8-22.pdf,2022-08-01
amam,easy_term,NE,37,female,1,20,500000,500000,standard_t,,60,0.094,239.70,500000,Form_3350_8-22.pdf,2022-08-01
amam,easy_term,NE,38,female,0,20,100000,100000,standard_nt,,60,0.094,28.96,100000,Form_3350_8-22.pdf,2022-08-01
amam,easy_term,NE,38,female,0,20,150000,150000,standard_nt,,60,0.094,40.61,150000,Form_3350_8-22.pdf,2022-08-01
amam,easy_term,NE,38,female,0,20,200000,200000,standard_nt,,60,0.094,52.27,200000,Form_3350_8-22.pdf,2022-08-01
amam,easy_term,NE,38,female,0,20,250000,250000,standard_nt,,60,0.094,63.92,250000,Form_3350_8-22.pdf,2022-08-01
amam,easy_term,NE,38,female,0,20,300000,300000,standard_nt,,60,0.094,75.58,300000,Form_3350_8-22.pdf,2022-08-01
amam,easy_term,NE,38,female,0,20,400000,400000,standard_nt,,60,0.094,98.89,400000,Form_3350_8-22.pdf,2022-08-01
amam,easy_term,NE,38,female,0,20,500000,500000,standard_nt,,60,0.094,122.20,500000,Form_3350_8-22.pdf,2022-08-01
amam,easy_term,NE,38,female,1,20,100000,100000,standard_t,,60,0.094,55.65,100000,Form_3350_8-22.pdf,2022-08-01
amam,easy_term,NE,38,female,1,20,150000,150000,standard_t,,60,0.094,80.66,150000,Form_3350_8-22.pdf,2022-08-01
amam,easy_term,NE,38,female,1,20,200000,200000,standard_t,,60,0.094,105.66,200000,Form_3350_8-22.pdf,2022-08-01
amam,easy_term,NE,38,female,1,20,250000,250000,standard_t,,60,0.094,130.66,250000,Form_3350_8-22.pdf,2022-08-01
amam,easy_term,NE,38,female,1,20,300000,300000,standard_t,,60,0.094,155.67,300000,Form_3350_8-22.pdf,2022-08-01
amam,easy_term,NE,38,female,1,20,400000,400000,standard_t,,60,0.094,205.68,400000,Form_3350_8-22.pdf,2022-08-01
amam,easy_term,NE,38,female,1,20,500000,500000,standard_t,,60,0.094,255.68,500000,Form_3350_8-22.pdf,2022-08-01
amam,easy_term,NE,39,female,0,20,100000,100000,standard_nt,,60,0.094,30.27,100000,Form_3350_8-22.pdf,2022-08-01
amam,easy_term,NE,39,female,0,20,150000,150000,standard_nt,,60,0.094,42.59,150000,Form_3350_8-22.pdf,2022-08-01
amam,easy_term,NE,39,female,0,20,200000,200000,standard_nt,,60,0.094,54.90,200000,Form_3350_8-22.pdf,2022-08-01
amam,easy_term,NE,39,female,0,20,250000,250000,standard_nt,,60,0.094,67.21,250000,Form_3350_8-22.pdf,2022-08-01
amam,easy_term,NE,39,female,0,20,300000,300000,standard_nt,,60,0.094,79.53,300000,Form_3350_8-22.pdf,2022-08-01
amam,easy_term,NE,39,female,0,20,400000,400000,standard_nt,,60,0.094,104.16,400000,Form_3350_8-22.pdf,2022-08-01
amam,easy_term,NE,39,female,0,20,500000,500000,standard_nt,,60,0.094,128.78,500000,Form_3350_8-22.pdf,2022-08-01
amam,easy_term,NE,39,female,1,20,100000,100000,standard_t,,60,0.094,59.79,100000,Form_3350_8-22.pdf,2022-08-01
amam,easy_term,NE,39,female,1,20,150000,150000,standard_t,,60,0.094,86.86,150000,Form_3350_8-22.pdf,2022-08-01
amam,easy_term,NE,39,female,1,20,200000,200000,standard_t,,60,0.094,113.93,200000,Form_3350_8-22.pdf,2022-08-01
amam,easy_term,NE,39,female,1,20,250000,250000,standard_t,,60,0.094,141.00,250000,Form_3350_8-22.pdf,2022-08-01
amam,easy_term,NE,39,female,1,20,300000,300000,standard_t,,60,0.094,168.08,300000,Form_3350_8-22.pdf,2022-08-01
amam,easy_term,NE,39,female,1,20,400000,400000,standard_t,,60,0.094,222.22,400000,Form_3350_8-22.pdf,2022-08-01
amam,easy_term,NE,39,female,1,20,500000,500000,standard_t,,60,0.094,276.36,500000,Form_3350_8-22.pdf,2022-08-01
amam,easy_term,NE,40,female,0,20,100000,100000,standard_nt,,60,0.094,31.59,100000,Form_3350_8-22.pdf,2022-08-01
amam,easy_term,NE,40,female,0,20,150000,150000,standard_nt,,60,0.094,44.56,150000,Form_3350_8-22.pdf,2022-08-01
amam,easy_term,NE,40,female,0,20,200000,200000,standard_nt,,60,0.094,57.53,200000,Form_3350_8-22.pdf,2022-08-01
amam,easy_term,NE,40,female,0,20,250000,250000,standard_nt,,60,0.094,70.50,250000,Form_3350_8-22.pdf,2022-08-01
amam,easy_term,NE,40,female,0,20,300000,300000,standard_nt,,60,0.094,83.48,300000,Form_3350_8-22.pdf,2022-08-01
amam,easy_term,NE,40,female,0,20,400000,400000,standard_nt,,60,0.094,109.42,400000,Form_3350_8-22.pdf,2022-08-01
amam,easy_term,NE,40,female,0,20,500000,500000,standard_nt,,60,0.094,135.36,500000,Form_3350_8-22.pdf,2022-08-01
amam,easy_term,NE,40,female,1,20,100000,100000,standard_t,,60,0.094,64.58,100000,Form_3350_8-22.pdf,2022-08-01
amam,easy_term,NE,40,female,1,20,150000,150000,standard_t,,60,0.094,94.05,150000,Form_3350_8-22.pdf,2022-08-01
amam,easy_term,NE,40,female,1,20,200000,200000,standard_t,,60,0.094,123.52,200000,Form_3350_8-22.pdf,2022-08-01
amam,easy_term,NE,40,female,1,20,250000,250000,standard_t,,60,0.094,152.99,250000,Form_3350_8-22.pdf,2022-08-01
amam,easy_term,NE,40,female,1,20,300000,300000,standard_t,,60,0.094,182.46,300000,Form_3350_8-22.pdf,2022-08-01
amam,easy_term,NE,40,female,1,20,400000,400000,standard_t,,60,0.094,241.40,400000,Form_3350_8-22.pdf,2022-08-01
amam,easy_term,NE,40,female,1,20,500000,500000,standard_t,,60,0.094,300.33,500000,Form_3350_8-22.pdf,2022-08-01
amam,easy_term,NE,41,female,0,20,100000,100000,standard_nt,,60,0.094,33.19,100000,Form_3350_8-22.pdf,2022-08-01
amam,easy_term,NE,41,female,0,20,150000,150000,standard_nt,,60,0.094,46.96,150000,Form_3350_8-22.pdf,2022-08-01
amam,easy_term,NE,41,female,0,20,200000,200000,standard_nt,,60,0.094,60.73,200000,Form_3350_8-22.pdf,2022-08-01
amam,easy_term,NE,41,female,0,20,250000,250000,standard_nt,,60,0.094,74.50,250000,Form_3350_8-22.pdf,2022-08-01
amam,easy_term,NE,41,female,0,20,300000,300000,standard_nt,,60,0.094,88.27,300000,Form_3350_8-22.pdf,2022-08-01
amam,easy_term,NE,41,female,0,20,400000,400000,standard_nt,,60,0.094,115.81,400000,Form_3350_8-22.pdf,2022-08-01
amam,easy_term,NE,41,female,0,20,500000,500000,standard_nt,,60,0.094,143.35,500000,Form_3350_8-22.pdf,2022-08-01
amam,easy_term,NE,41,female,1,20,100000,100000,standard_t,,60,0.094,69.28,100000,Form_3350_8-22.pdf,2022-08-01
amam,easy_term,NE,41,female,1,20,150000,150000,standard_t,,60,0.094,101.10,150000,Form_3350_8-22.pdf,2022-08-01
amam,easy_term,NE,41,female,1,20,200000,200000,standard_t,,60,0.094,132.92,200000,Form_3350_8-22.pdf,2022-08-01
amam,easy_term,NE,41,female,1,20,250000,250000,standard_t,,60,0.094,164.74,250000,Form_3350_8-22.pdf,2022-08-01
amam,easy_term,NE,41,female,1,20,300000,300000,standard_t,,60,0.094,196.56,300000,Form_3350_8-22.pdf,2022-08-01
amam,easy_term,NE,41,female,1,20,400000,400000,standard_t,,60,0.094,260.20,400000,Form_3350_8-22.pdf,2022-08-01
amam,easy_term,NE,41,female,1,20,500000,500000,standard_t,,60,0.094,323.83,500000,Form_3350_8-22.pdf,2022-08-01
amam,easy_term,NE,42,female,0,20,100000,100000,standard_nt,,60,0.094,34.60,100000,Form_3350_8-22.pdf,2022-08-01
amam,easy_term,NE,42,female,0,20,150000,150000,standard_nt,,60,0.094,49.07,150000,Form_3350_8-22.pdf,2022-08-01
amam,easy_term,NE,42,female,0,20,200000,200000,standard_nt,,60,0.094,63.55,200000,Form_3350_8-22.pdf,2022-08-01
amam,easy_term,NE,42,female,0,20,250000,250000,standard_nt,,60,0.094,78.02,250000,Form_3350_8-22.pdf,2022-08-01
amam,easy_term,NE,42,female,0,20,300000,300000,standard_nt,,60,0.094,92.50,300000,Form_3350_8-22.pdf,2022-08-01
amam,easy_term,NE,42,female,0,20,400000,400000,standard_nt,,60,0.094,121.45,400000,Form_3350_8-22.pdf,2022-08-01
amam,easy_term,NE,42,female,0,20,500000,500000,standard_nt,,60,0.094,150.40,500000,Form_3350_8-22.pdf,2022-08-01
amam,easy_term,NE,42,female,1,20,100000,100000,standard_t,,60,0.094,73.61,100000,Form_3350_8-22.pdf,2022-08-01
amam,easy_term,NE,42,female,1,20,150000,150000,standard_t,,60,0.094,107.59,150000,Form_3350_8-22.pdf,2022-08-01
amam,easy_term,NE,42,female,1,20,200000,200000,standard_t,,60,0.094,141.57,200000,Form_3350_8-22.pdf,2022-08-01
amam,easy_term,NE,42,female,1,20,250000,250000,standard_t,,60,0.094,175.55,250000,Form_3350_8-22.pdf,2022-08-01
amam,easy_term,NE,42,female,1,20,300000,300000,standard_t,,60,0.094,209.53,300000,Form_3350_8-22.pdf,2022-08-01
amam,easy_term,NE,42,female,1,20,400000,400000,standard_t,,60,0.094,277.49,400000,Form_3350_8-22.pdf,2022-08-01
amam,easy_term,NE,42,female,1,20,500000,500000,standard_t,,60,0.094,345.45,500000,Form_3350_8-22.pdf,2022-08-01
amam,easy_term,NE,43,female,0,20,100000,100000,standard_nt,,60,0.094,36.76,100000,Form_3350_8-22.pdf,2022-08-01
amam,easy_term,NE,43,female,0,20,150000,150000,standard_nt,,60,0.094,52.32,150000,Form_3350_8-22.pdf,2022-08-01
amam,easy_term,NE,43,female,0,20,200000,200000,standard_nt,,60,0.094,67.87,200000,Form_3350_8-22.pdf,2022-08-01
amam,easy_term,NE,43,female,0,20,250000,250000,standard_nt,,60,0.094,83.43,250000,Form_3350_8-22.pdf,2022-08-01
amam,easy_term,NE,43,female,0,20,300000,300000,standard_nt,,60,0.094,98.99,300000,Form_3350_8-22.pdf,2022-08-01
amam,easy_term,NE,43,female,0,20,400000,400000,standard_nt,,60,0.094,130.10,400000,Form_3350_8-22.pdf,2022-08-01
amam,easy_term,NE,43,female,0,20,500000,500000,standard_nt,,60,0.094,161.21,500000,Form_3350_8-22.pdf,2022-08-01
amam,easy_term,NE,43,female,1,20,100000,100000,standard_t,,60,0.094,78.49,100000,Form_3350_8-22.pdf,2022-08-01
amam,easy_term,NE,43,female,1,20,150000,150000,standard_t,,60,0.094,114.92,150000,Form_3350_8-22.pdf,2022-08-01
amam,easy_term,NE,43,female,1,20,200000,200000,standard_t,,60,0.094,151.34,200000,Form_3350_8-22.pdf,2022-08-01
amam,easy_term,NE,43,female,1,20,250000,250000,standard_t,,60,0.094,187.77,250000,Form_3350_8-22.pdf,2022-08-01
amam,easy_term,NE,43,female,1,20,300000,300000,standard_t,,60,0.094,224.19,300000,Form_3350_8-22.pdf,2022-08-01
amam,easy_term,NE,43,female,1,20,400000,400000,standard_t,,60,0.094,297.04,400000,Form_3350_8-22.pdf,2022-08-01
amam,easy_term,NE,43,female,1,20,500000,500000,standard_t,,60,0.094,369.89,500000,Form_3350_8-22.pdf,2022-08-01
amam,easy_term,NE,44,female,0,20,100000,100000,standard_nt,,60,0.094,37.98,100000,Form_3350_8-22.pdf,2022-08-01
amam,easy_term,NE,44,female,0,20,150000,150000,standard_nt,,60,0.094,54.15,150000,Form_3350_8-22.pdf,2022-08-01
amam,easy_term,NE,44,female,0,20,200000,200000,standard_nt,,60,0.094,70.32,200000,Form_3350_8-22.pdf,2022-08-01
amam,easy_term,NE,44,female,0,20,250000,250000,standard_nt,,60,0.094,86.48,250000,Form_3350_8-22.pdf,2022-08-01
amam,easy_term,NE,44,female,0,20,300000,300000,standard_nt,,60,0.094,102.65,300000,Form_3350_8-22.pdf,2022-08-01
amam,easy_term,NE,44,female,0,20,400000,400000,standard_nt,,60,0.094,134.99,400000,Form_3350_8-22.pdf,2022-08-01
amam,easy_term,NE,44,female,0,20,500000,500000,standard_nt,,60,0.094,167.32,500000,Form_3350_8-22.pdf,2022-08-01
amam,easy_term,NE,44,female,1,20,100000,100000,standard_t,,60,0.094,83.01,100000,Form_3350_8-22.pdf,2022-08-01
amam,easy_term,NE,44,female,1,20,150000,150000,standard_t,,60,0.094,121.69,150000,Form_3350_8-22.pdf,2022-08-01
amam,easy_term,NE,44,female,1,20,200000,200000,standard_t,,60,0.094,160.37,200000,Form_3350_8-22.pdf,2022-08-01
amam,easy_term,NE,44,female,1,20,250000,250000,standard_t,,60,0.094,199.05,250000,Form_3350_8-22.pdf,2022-08-01
amam,easy_term,NE,44,female,1,20,300000,300000,standard_t,,60,0.094,237.73,300000,Form_3350_8-22.pdf,2022-08-01
amam,easy_term,NE,44,female,1,20,400000,400000,standard_t,,60,0.094,315.09,400000,Form_3350_8-22.pdf,2022-08-01
amam,easy_term,NE,44,female,1,20,500000,500000,standard_t,,60,0.094,392.45,500000,Form_3350_8-22.pdf,2022-08-01
amam,easy_term,NE,45,female,0,20,100000,100000,standard_nt,,60,0.094,39.77,100000,Form_3350_8-22.pdf,2022-08-01
amam,easy_term,NE,45,female,0,20,150000,150000,standard_nt,,60,0.094,56.83,150000,Form_3350_8-22.pdf,2022-08-01
amam,easy_term,NE,45,female,0,20,200000,200000,standard_nt,,60,0.094,73.89,200000,Form_3350_8-22.pdf,2022-08-01
amam,easy_term,NE,45,female,0,20,250000,250000,standard_nt,,60,0.094,90.95,250000,Form_3350_8-22.pdf,2022-08-01
amam,easy_term,NE,45,female,0,20,300000,300000,standard_nt,,60,0.094,108.01,300000,Form_3350_8-22.pdf,2022-08-01
amam,easy_term,NE,45,female,0,20,400000,400000,standard_nt,,60,0.094,142.13,400000,Form_3350_8-22.pdf,2022-08-01
amam,easy_term,NE,45,female,0,20,500000,500000,standard_nt,,60,0.094,176.25,500000,Form_3350_8-22.pdf,2022-08-01
amam,easy_term,NE,45,female,1,20,100000,100000,standard_t,,60,0.094,87.33,100000,Form_3350_8-22.pdf,2022-08-01
amam,easy_term,NE,45,female,1,20,150000,150000,standard_t,,60,0.094,128.17,150000,Form_3350_8-22.pdf,2022-08-01
amam,easy_term,NE,45,female,1,20,200000,200000,standard_t,,60,0.094,169.02,200000,Form_3350_8-22.pdf,2022-08-01
amam,easy_term,NE,45,female,1,20,250000,250000,standard_t,,60,0.094,209.86,250000,Form_3350_8-22.pdf,2022-08-01
amam,easy_term,NE,45,female,1,20,300000,300000,standard_t,,60,0.094,250.70,300000,Form_3350_8-22.pdf,2022-08-01
amam,easy_term,NE,45,female,1,20,400000,400000,standard_t,,60,0.094,332.39,400000,Form_3350_8-22.pdf,2022-08-01
amam,easy_term,NE,45,female,1,20,500000,500000,standard_t,,60,0.094,414.07,500000,Form_3350_8-22.pdf,2022-08-01
amam,easy_term,NE,46,female,0,20,100000,100000,standard_nt,,60,0.094,42.30,100000,Form_3350_8-22.pdf,2022-08-01
amam,easy_term,NE,46,female,0,20,150000,150000,standard_nt,,60,0.094,60.63,150000,Form_3350_8-22.pdf,2022-08-01
amam,easy_term,NE,46,female,0,20,200000,200000,standard_nt,,60,0.094,78.96,200000,Form_3350_8-22.pdf,2022-08-01
amam,easy_term,NE,46,female,0,20,250000,250000,standard_nt,,60,0.094,97.29,250000,Form_3350_8-22.pdf,2022-08-01
amam,easy_term,NE,46,female,0,20,300000,300000,standard_nt,,60,0.094,115.62,300000,Form_3350_8-22.pdf,2022-08-01
amam,easy_term,NE,46,female,1,20,100000,100000,standard_t,,60,0.094,95.23,100000,Form_3350_8-22.pdf,2022-08-01
amam,easy_term,NE,46,female,1,20,150000,150000,standard_t,,60,0.094,140.02,150000,Form_3350_8-22.pdf,2022-08-01
amam,easy_term,NE,46,female,1,20,200000,200000,standard_t,,60,0.094,184.81,200000,Form_3350_8-22.pdf,2022-08-01
amam,easy_term,NE,46,female,1,20,250000,250000,standard_t,,60,0.094,229.60,250000,Form_3350_8-22.pdf,2022-08-01
amam,easy_term,NE,46,female,1,20,300000,300000,standard_t,,60,0.094,274.39,300000,Form_3350_8-22.pdf,2022-08-01
amam,easy_term,NE,47,female,0,20,100000,100000,standard_nt,,60,0.094,44.56,100000,Form_3350_8-22.pdf,2022-08-01
amam,easy_term,NE,47,female,0,20,150000,150000,standard_nt,,60,0.094,64.02,150000,Form_3350_8-22.pdf,2022-08-01
amam,easy_term,NE,47,female,0,20,200000,200000,standard_nt,,60,0.094,83.48,200000,Form_3350_8-22.pdf,2022-08-01
amam,easy_term,NE,47,female,0,20,250000,250000,standard_nt,,60,0.094,102.93,250000,Form_3350_8-22.pdf,2022-08-01
amam,easy_term,NE,47,female,0,20,300000,300000,standard_nt,,60,0.094,122.39,300000,Form_3350_8-22.pdf,2022-08-01
amam,easy_term,NE,47,female,1,20,100000,100000,standard_t,,60,0.094,101.71,100000,Form_3350_8-22.pdf,2022-08-01
amam,easy_term,NE,47,female,1,20,150000,150000,standard_t,,60,0.094,149.75,150000,Form_3350_8-22.pdf,2022-08-01
amam,easy_term,NE,47,female,1,20,200000,200000,standard_t,,60,0.094,197.78,200000,Form_3350_8-22.pdf,2022-08-01
amam,easy_term,NE,47,female,1,20,250000,250000,standard_t,,60,0.094,245.81,250000,Form_3350_8-22.pdf,2022-08-01
amam,easy_term,NE,47,female,1,20,300000,300000,standard_t,,60,0.094,293.85,300000,Form_3350_8-22.pdf,2022-08-01
amam,easy_term,NE,48,female,0,20,100000,100000,standard_nt,,60,0.094,47.00,100000,Form_3350_8-22.pdf,2022-08-01
amam,easy_term,NE,48,female,0,20,150000,150000,standard_nt,,60,0.094,67.68,150000,Form_3350_8-22.pdf,2022-08-01
amam,easy_term,NE,48,female,0,20,200000,200000,standard_nt,,60,0.094,88.36,200000,Form_3350_8-22.pdf,2022-08-01
amam,easy_term,NE,48,female,0,20,250000,250000,standard_nt,,60,0.094,109.04,250000,Form_3350_8-22.pdf,2022-08-01
amam,easy_term,NE,48,female,0,20,300000,300000,standard_nt,,60,0.094,129.72,300000,Form_3350_8-22.pdf,2022-08-01
amam,easy_term,NE,48,female,1,20,100000,100000,standard_t,,60,0.094,108.10,100000,Form_3350_8-22.pdf,2022-08-01
amam,easy_term,NE,48,female,1,20,150000,150000,standard_t,,60,0.094,159.33,150000,Form_3350_8-22.pdf,2022-08-01
amam,easy_term,NE,48,female,1,20,200000,200000,standard_t,,60,0.094,210.56,200000,Form_3350_8-22.pdf,2022-08-01
amam,easy_term,NE,48,female,1,20,250000,250000,standard_t,,60,0.094,261.79,250000,Form_3350_8-22.pdf,2022-08-01
amam,easy_term,NE,48,female,1,20,300000,300000,standard_t,,60,0.094,313.02,300000,Form_3350_8-22.pdf,2022-08-01
amam,easy_term,NE,49,female,0,20,100000,100000,standard_nt,,60,0.094,49.54,100000,Form_3350_8-22.pdf,2022-08-01
amam,easy_term,NE,49,female,0,20,150000,150000,standard_nt,,60,0.094,71.49,150000,Form_3350_8-22.pdf,2022-08-01
amam,easy_term,NE,49,female,0,20,200000,200000,standard_nt,,60,0.094,93.44,200000,Form_3350_8-22.pdf,2022-08-01
amam,easy_term,NE,49,female,0,20,250000,250000,standard_nt,,60,0.094,115.39,250000,Form_3350_8-22.pdf,2022-08-01
amam,easy_term,NE,49,female,0,20,300000,300000,standard_nt,,60,0.094,137.34,300000,Form_3350_8-22.pdf,2022-08-01
amam,easy_term,NE,49,female,1,20,100000,100000,standard_t,,60,0.094,115.44,100000,Form_3350_8-22.pdf,2022-08-01
amam,easy_term,NE,49,female,1,20,150000,150000,standard_t,,60,0.094,170.33,150000,Form_3350_8-22.pdf,2022-08-01
amam,easy_term,NE,49,female,1,20,200000,200000,standard_t,,60,0.094,225.23,200000,Form_3350_8-22.pdf,2022-08-01
amam,easy_term,NE,49,female,1,20,250000,250000,standard_t,,60,0.094,280.12,250000,Form_3350_8-22.pdf,2022-08-01
amam,easy_term,NE,49,female,1,20,300000,300000,standard_t,,60,0.094,335.02,300000,Form_3350_8-22.pdf,2022-08-01
amam,easy_term,NE,50,female,0,20,100000,100000,standard_nt,,60,0.094,52.46,100000,Form_3350_8-22.pdf,2022-08-01
amam,easy_term,NE,50,female,0,20,150000,150000,standard_nt,,60,0.094,75.86,150000,Form_3350_8-22.pdf,2022-08-01
amam,easy_term,NE,50,female,0,20,200000,200000,standard_nt,,60,0.094,99.27,200000,Form_3350_8-22.pdf,2022-08-01
amam,easy_term,NE,50,female,0,20,250000,250000,standard_nt,,60,0.094,122.67,250000,Form_3350_8-22.pdf,2022-08-01
amam,easy_term,NE,50,female,0,20,300000,300000,standard_nt,,60,0.094,146.08,300000,Form_3350_8-22.pdf,2022-08-01
amam,easy_term,NE,50,female,1,20,100000,100000,standard_t,,60,0.094,122.96,100000,Form_3350_8-22.pdf,2022-08-01
amam,easy_term,NE,50,female,1,20,150000,150000,standard_t,,60,0.094,181.61,150000,Form_3350_8-22.pdf,2022-08-01
amam,easy_term,NE,50,female,1,20,200000,200000,standard_t,,60,0.094,240.27,200000,Form_3350_8-22.pdf,2022-08-01
amam,easy_term,NE,50,female,1,20,250000,250000,standard_t,,60,0.094,298.92,250000,Form_3350_8-22.pdf,2022-08-01
amam,easy_term,NE,50,female,1,20,300000,300000,standard_t,,60,0.094,357.58,300000,Form_3350_8-22.pdf,2022-08-01
amam,easy_term,NE,51,female,0,20,100000,100000,standard_nt,,60,0.094,55.37,100000,Form_3350_8-22.pdf,2022-08-01
amam,easy_term,NE,51,female,0,20,150000,150000,standard_nt,,60,0.094,80.23,150000,Form_3350_8-22.pdf,2022-08-01
amam,easy_term,NE,51,female,0,20,200000,200000,standard_nt,,60,0.094,105.10,200000,Form_3350_8-22.pdf,2022-08-01
amam,easy_term,NE,51,female,0,20,250000,250000,standard_nt,,60,0.094,129.96,250000,Form_3350_8-22.pdf,2022-08-01
amam,easy_term,NE,51,female,0,20,300000,300000,standard_nt,,60,0.094,154.82,300000,Form_3350_8-22.pdf,2022-08-01
amam,easy_term,NE,51,female,1,20,100000,100000,standard_t,,60,0.094,130.38,100000,Form_3350_8-22.pdf,2022-08-01
amam,easy_term,NE,51,female,1,20,150000,150000,standard_t,,60,0.094,192.75,150000,Form_3350_8-22.pdf,2022-08-01
amam,easy_term,NE,51,female,1,20,200000,200000,standard_t,,60,0.094,255.12,200000,Form_3350_8-22.pdf,2022-08-01
amam,easy_term,NE,51,female,1,20,250000,250000,standard_t,,60,0.094,317.49,250000,Form_3350_8-22.pdf,2022-08-01
amam,easy_term,NE,51,female,1,20,300000,300000,standard_t,,60,0.094,379.86,300000,Form_3350_8-22.pdf,2022-08-01
amam,easy_term,NE,52,female,0,20,100000,100000,standard_nt,,60,0.094,58.66,100000,Form_3350_8-22.pdf,2022-08-01
amam,easy_term,NE,52,female,0,20,150000,150000,standard_nt,,60,0.094,85.17,150000,Form_3350_8-22.pdf,2022-08-01
amam,easy_term,NE,52,female,0,20,200000,200000,standard_nt,,60,0.094,111.68,200000,Form_3350_8-22.pdf,2022-08-01
amam,easy_term,NE,52,female,0,20,250000,250000,standard_nt,,60,0.094,138.18,250000,Form_3350_8-22.pdf,2022-08-01
amam,easy_term,NE,52,female,0,20,300000,300000,standard_nt,,60,0.094,164.69,300000,Form_3350_8-22.pdf,2022-08-01
amam,easy_term,NE,52,female,1,20,100000,100000,standard_t,,60,0.094,139.03,100000,Form_3350_8-22.pdf,2022-08-01
amam,easy_term,NE,52,female,1,20,150000,150000,standard_t,,60,0.094,205.72,150000,Form_3350_8-22.pdf,2022-08-01
amam,easy_term,NE,52,female,1,20,200000,200000,standard_t,,60,0.094,272.42,200000,Form_3350_8-22.pdf,2022-08-01
amam,easy_term,NE,52,female,1,20,250000,250000,standard_t,,60,0.094,339.11,250000,Form_3350_8-22.pdf,2022-08-01
amam,easy_term,NE,52,female,1,20,300000,300000,standard_t,,60,0.094,405.80,300000,Form_3350_8-22.pdf,2022-08-01
amam,easy_term,NE,53,female,0,20,100000,100000,standard_nt,,60,0.094,62.23,100000,Form_3350_8-22.pdf,2022-08-01
amam,easy_term,NE,53,female,0,20,150000,150000,standard_nt,,60,0.094,90.53,150000,Form_3350_8-22.pdf,2022-08-01
amam,easy_term,NE,53,female,0,20,200000,200000,standard_nt,,60,0.094,118.82,200000,Form_3350_8-22.pdf,2022-08-01
amam,easy_term,NE,53,female,0,20,250000,250000,standard_nt,,60,0.094,147.11,250000,Form_3350_8-22.pdf,2022-08-01
amam,easy_term,NE,53,female,0,20,300000,300000,standard_nt,,60,0.094,175.41,300000,Form_3350_8-22.pdf,2022-08-01
amam,easy_term,NE,53,female,1,20,100000,100000,standard_t,,60,0.094,148.90,100000,Form_3350_8-22.pdf,2022-08-01
amam,easy_term,NE,53,female,1,20,150000,150000,standard_t,,60,0.094,220.53,150000,Form_3350_8-22.pdf,2022-08-01
amam,easy_term,NE,53,female,1,20,200000,200000,standard_t,,60,0.094,292.16,200000,Form_3350_8-22.pdf,2022-08-01
amam,easy_term,NE,53,female,1,20,250000,250000,standard_t,,60,0.094,363.78,250000,Form_3350_8-22.pdf,2022-08-01
amam,easy_term,NE,53,female,1,20,300000,300000,standard_t,,60,0.094,435.41,300000,Form_3350_8-22.pdf,2022-08-01
amam,easy_term,NE,54,female,0,20,100000,100000,standard_nt,,60,0.094,65.90,100000,Form_3350_8-22.pdf,2022-08-01
amam,easy_term,NE,54,female,0,20,150000,150000,standard_nt,,60,0.094,96.03,150000,Form_3350_8-22.pdf,2022-08-01
amam,easy_term,NE,54,female,0,20,200000,200000,standard_nt,,60,0.094,126.15,200000,Form_3350_8-22.pdf,2022-08-01
amam,easy_term,NE,54,female,0,20,250000,250000,standard_nt,,60,0.094,156.28,250000,Form_3350_8-22.pdf,2022-08-01
amam,easy_term,NE,54,female,0,20,300000,300000,standard_nt,,60,0.094,186.41,300000,Form_3350_8-22.pdf,2022-08-01
amam,easy_term,NE,54,female,1,20,100000,100000,standard_t,,60,0.094,157.64,100000,Form_3350_8-22.pdf,2022-08-01
amam,easy_term,NE,54,female,1,20,150000,150000,standard_t,,60,0.094,233.64,150000,Form_3350_8-22.pdf,2022-08-01
amam,easy_term,NE,54,female,1,20,200000,200000,standard_t,,60,0.094,309.64,200000,Form_3350_8-22.pdf,2022-08-01
amam,easy_term,NE,54,female,1,20,250000,250000,standard_t,,60,0.094,385.64,250000,Form_3350_8-22.pdf,2022-08-01
amam,easy_term,NE,54,female,1,20,300000,300000,standard_t,,60,0.094,461.64,300000,Form_3350_8-22.pdf,2022-08-01
amam,easy_term,NE,55,female,0,20,100000,100000,standard_nt,,60,0.094,70.03,100000,Form_3350_8-22.pdf,2022-08-01
amam,easy_term,NE,55,female,0,20,150000,150000,standard_nt,,60,0.094,102.23,150000,Form_3350_8-22.pdf,2022-08-01
amam,easy_term,NE,55,female,0,20,200000,200000,standard_nt,,60,0.094,134.42,200000,Form_3350_8-22.pdf,2022-08-01
amam,easy_term,NE,55,female,0,20,250000,250000,standard_nt,,60,0.094,166.62,250000,Form_3350_8-22.pdf,2022-08-01
amam,easy_term,NE,55,female,0,20,300000,300000,standard_nt,,60,0.094,198.81,300000,Form_3350_8-22.pdf,2022-08-01
amam,easy_term,NE,55,female,1,20,100000,100000,standard_t,,60,0.094,167.70,100000,Form_3350_8-22.pdf,2022-08-01
amam,easy_term,NE,55,female,1,20,150000,150000,standard_t,,60,0.094,248.73,150000,Form_3350_8-22.pdf,2022-08-01
amam,easy_term,NE,55,female,1,20,200000,200000,standard_t,,60,0.094,329.76,200000,Form_3350_8-22.pdf,2022-08-01
amam,easy_term,NE,55,female,1,20,250000,250000,standard_t,,60,0.094,410.78,250000,Form_3350_8-22.pdf,2022-08-01
amam,easy_term,NE,55,female,1,20,300000,300000,standard_t,,60,0.094,491.81,300000,Form_3350_8-22.pdf,2022-08-01
amam,easy_term,NE,56,female,0,20,100000,100000,standard_nt,,60,0.094,74.26,100000,Form_3350_8-22.pdf,2022-08-01
amam,easy_term,NE,56,female,0,20,150000,150000,standard_nt,,60,0.094,108.57,150000,Form_3350_8-22.pdf,2022-08-01
amam,easy_term,NE,56,female,0,20,200000,200000,standard_nt,,60,0.094,142.88,200000,Form_3350_8-22.pdf,2022-08-01
amam,easy_term,NE,56,female,0,20,250000,250000,standard_nt,,60,0.094,177.19,250000,Form_3350_8-22.pdf,2022-08-01
amam,easy_term,NE,56,female,0,20,300000,300000,standard_nt,,60,0.094,211.50,300000,Form_3350_8-22.pdf,2022-08-01
amam,easy_term,NE,56,female,1,20,100000,100000,standard_t,,60,0.094,178.51,100000,Form_3350_8-22.pdf,2022-08-01
amam,easy_term,NE,56,female,1,20,150000,150000,standard_t,,60,0.094,264.94,150000,Form_3350_8-22.pdf,2022-08-01
amam,easy_term,NE,56,female,1,20,200000,200000,standard_t,,60,0.094,351.38,200000,Form_3350_8-22.pdf,2022-08-01
amam,easy_term,NE,56,female,1,20,250000,250000,standard_t,,60,0.094,437.81,250000,Form_3350_8-22.pdf,2022-08-01
amam,easy_term,NE,56,female,1,20,300000,300000,standard_t,,60,0.094,524.24,300000,Form_3350_8-22.pdf,2022-08-01
amam,easy_term,NE,57,female,0,20,100000,100000,standard_nt,,60,0.094,78.68,100000,Form_3350_8-22.pdf,2022-08-01
amam,easy_term,NE,57,female,0,20,150000,150000,standard_nt,,60,0.094,115.20,150000,Form_3350_8-22.pdf,2022-08-01
amam,easy_term,NE,57,female,0,20,200000,200000,standard_nt,,60,0.094,151.72,200000,Form_3350_8-22.pdf,2022-08-01
amam,easy_term,NE,57,female,0,20,250000,250000,standard_nt,,60,0.094,188.24,250000,Form_3350_8-22.pdf,2022-08-01
amam,easy_term,NE,57,female,0,20,300000,300000,standard_nt,,60,0.094,224.76,300000,Form_3350_8-22.pdf,2022-08-01
amam,easy_term,NE,57,female,1,20,100000,100000,standard_t,,60,0.094,185.75,100000,Form_3350_8-22.pdf,2022-08-01
amam,easy_term,NE,57,female,1,20,150000,150000,standard_t,,60,0.094,275.80,150000,Form_3350_8-22.pdf,2022-08-01
amam,easy_term,NE,57,female,1,20,200000,200000,standard_t,,60,0.094,365.85,200000,Form_3350_8-22.pdf,2022-08-01
amam,easy_term,NE,57,female,1,20,250000,250000,standard_t,,60,0.094,455.90,250000,Form_3350_8-22.pdf,2022-08-01
amam,easy_term,NE,57,female,1,20,300000,300000,standard_t,,60,0.094,545.96,300000,Form_3350_8-22.pdf,2022-08-01
amam,easy_term,NE,58,female,0,20,100000,100000,standard_nt,,60,0.094,86.48,100000,Form_3350_8-22.pdf,2022-08-01
amam,easy_term,NE,58,female,0,20,150000,150000,standard_nt,,60,0.094,126.90,150000,Form_3350_8-22.pdf,2022-08-01
amam,easy_term,NE,58,female,0,20,200000,200000,standard_nt,,60,0.094,167.32,200000,Form_3350_8-22.pdf,2022-08-01
amam,easy_term,NE,58,female,0,20,250000,250000,standard_nt,,60,0.094,207.74,250000,Form_3350_8-22.pdf,2022-08-01
amam,easy_term,NE,58,female,0,20,300000,300000,standard_nt,,60,0.094,248.16,300000,Form_3350_8-22.pdf,2022-08-01
amam,easy_term,NE,58,female,1,20,100000,100000,standard_t,,60,0.094,203.33,100000,Form_3350_8-22.pdf,2022-08-01
amam,easy_term,NE,58,female,1,20,150000,150000,standard_t,,60,0.094,302.17,150000,Form_3350_8-22.pdf,2022-08-01
amam,easy_term,NE,58,female,1,20,200000,200000,standard_t,,60,0.094,401.01,200000,Form_3350_8-22.pdf,2022-08-01
amam,easy_term,NE,58,female,1,20,250000,250000,standard_t,,60,0.094,499.85,250000,Form_3350_8-22.pdf,2022-08-01
amam,easy_term,NE,58,female,1,20,300000,300000,standard_t,,60,0.094,598.69,300000,Form_3350_8-22.pdf,2022-08-01
amam,easy_term,NE,59,female,0,20,100000,100000,standard_nt,,60,0.094,94.29,100000,Form_3350_8-22.pdf,2022-08-01
amam,easy_term,NE,59,female,0,20,150000,150000,standard_nt,,60,0.094,138.61,150000,Form_3350_8-22.pdf,2022-08-01
amam,easy_term,NE,59,female,0,20,200000,200000,standard_nt,,60,0.094,182.93,200000,Form_3350_8-22.pdf,2022-08-01
amam,easy_term,NE,59,female,0,20,250000,250000,standard_nt,,60,0.094,227.25,250000,Form_3350_8-22.pdf,2022-08-01
amam,easy_term,NE,59,female,0,20,300000,300000,standard_nt,,60,0.094,271.57,300000,Form_3350_8-22.pdf,2022-08-01
amam,easy_term,NE,59,female,1,20,100000,100000,standard_t,,60,0.094,218.55,100000,Form_3350_8-22.pdf,2022-08-01
amam,easy_term,NE,59,female,1,20,150000,150000,standard_t,,60,0.094,325.01,150000,Form_3350_8-22.pdf,2022-08-01
amam,easy_term,NE,59,female,1,20,200000,200000,standard_t,,60,0.094,431.46,200000,Form_3350_8-22.pdf,2022-08-01
amam,easy_term,NE,59,female,1,20,250000,250000,standard_t,,60,0.094,537.92,250000,Form_3350_8-22.pdf,2022-08-01
amam,easy_term,NE,59,female,1,20,300000,300000,standard_t,,60,0.094,644.37,300000,Form_3350_8-22.pdf,2022-08-01
amam,easy_term,NE,60,female,0,20,100000,100000,standard_nt,,60,0.094,103.03,100000,Form_3350_8-22.pdf,2022-08-01
amam,easy_term,NE,60,female,0,20,150000,150000,standard_nt,,60,0.094,151.72,150000,Form_3350_8-22.pdf,2022-08-01
amam,easy_term,NE,60,female,0,20,200000,200000,standard_nt,,60,0.094,200.41,200000,Form_3350_8-22.pdf,2022-08-01
amam,easy_term,NE,60,female,0,20,250000,250000,standard_nt,,60,0.094,249.10,250000,Form_3350_8-22.pdf,2022-08-01
amam,easy_term,NE,60,female,0,20,300000,300000,standard_nt,,60,0.094,297.80,300000,Form_3350_8-22.pdf,2022-08-01
amam,easy_term,NE,60,female,1,20,100000,100000,standard_t,,60,0.094,234.35,100000,Form_3350_8-22.pdf,2022-08-01
amam,easy_term,NE,60,female,1,20,150000,150000,standard_t,,60,0.094,348.70,150000,Form_3350_8-22.pdf,2022-08-01
amam,easy_term,NE,60,female,1,20,200000,200000,standard_t,,60,0.094,463.05,200000,Form_3350_8-22.pdf,2022-08-01
amam,easy_term,NE,60,female,1,20,250000,250000,standard_t,,60,0.094,577.40,250000,Form_3350_8-22.pdf,2022-08-01
amam,easy_term,NE,60,female,1,20,300000,300000,standard_t,,60,0.094,691.75,300000,Form_3350_8-22.pdf,2022-08-01
amam,easy_term,NE,61,female,0,20,100000,100000,standard_nt,,60,0.094,111.58,100000,Form_3350_8-22.pdf,2022-08-01
amam,easy_term,NE,61,female,0,20,150000,150000,standard_nt,,60,0.094,164.55,150000,Form_3350_8-22.pdf,2022-08-01
amam,easy_term,NE,61,female,0,20,200000,200000,standard_nt,,60,0.094,217.52,200000,Form_3350_8-22.pdf,2022-08-01
amam,easy_term,NE,61,female,0,20,250000,250000,standard_nt,,60,0.094,270.49,250000,Form_3350_8-22.pdf,2022-08-01
amam,easy_term,NE,61,female,0,20,300000,300000,standard_nt,,60,0.094,323.46,300000,Form_3350_8-22.pdf,2022-08-01
amam,easy_term,NE,61,female,1,20,100000,100000,standard_t,,60,0.094,251.64,100000,Form_3350_8-22.pdf,2022-08-01
amam,easy_term,NE,61,female,1,20,150000,150000,standard_t,,60,0.094,374.64,150000,Form_3350_8-22.pdf,2022-08-01
amam,easy_term,NE,61,female,1,20,200000,200000,standard_t,,60,0.094,497.64,200000,Form_3350_8-22.pdf,2022-08-01
amam,easy_term,NE,61,female,1,20,250000,250000,standard_t,,60,0.094,620.64,250000,Form_3350_8-22.pdf,2022-08-01
amam,easy_term,NE,61,female,1,20,300000,300000,standard_t,,60,0.094,743.64,300000,Form_3350_8-22.pdf,2022-08-01
amam,easy_term,NE,62,female,0,20,100000,100000,standard_nt,,60,0.094,121.08,100000,Form_3350_8-22.pdf,2022-08-01
amam,easy_term,NE,62,female,0,20,150000,150000,standard_nt,,60,0.094,178.79,150000,Form_3350_8-22.pdf,2022-08-01
amam,easy_term,NE,62,female,0,20,200000,200000,standard_nt,,60,0.094,236.51,200000,Form_3350_8-22.pdf,2022-08-01
amam,easy_term,NE,62,female,0,20,250000,250000,standard_nt,,60,0.094,294.22,250000,Form_3350_8-22.pdf,2022-08-01
amam,easy_term,NE,62,female,0,20,300000,300000,standard_nt,,60,0.094,351.94,300000,Form_3350_8-22.pdf,2022-08-01
amam,easy_term,NE,62,female,1,20,100000,100000,standard_t,,60,0.094,270.35,100000,Form_3350_8-22.pdf,2022-08-01
amam,easy_term,NE,62,female,1,20,150000,150000,standard_t,,60,0.094,402.70,150000,Form_3350_8-22.pdf,2022-08-01
amam,easy_term,NE,62,female,1,20,200000,200000,standard_t,,60,0.094,535.05,200000,Form_3350_8-22.pdf,2022-08-01
amam,easy_term,NE,62,female,1,20,250000,250000,standard_t,,60,0.094,667.40,250000,Form_3350_8-22.pdf,2022-08-01
amam,easy_term,NE,62,female,1,20,300000,300000,standard_t,,60,0.094,799.76,300000,Form_3350_8-22.pdf,2022-08-01
amam,easy_term,NE,63,female,0,20,100000,100000,standard_nt,,60,0.094,131.60,100000,Form_3350_8-22.pdf,2022-08-01
amam,easy_term,NE,63,female,0,20,150000,150000,standard_nt,,60,0.094,194.58,150000,Form_3350_8-22.pdf,2022-08-01
amam,easy_term,NE,63,female,0,20,200000,200000,standard_nt,,60,0.094,257.56,200000,Form_3350_8-22.pdf,2022-08-01
amam,easy_term,NE,63,female,0,20,250000,250000,standard_nt,,60,0.094,320.54,250000,Form_3350_8-22.pdf,2022-08-01
amam,easy_term,NE,63,female,0,20,300000,300000,standard_nt,,60,0.094,383.52,300000,Form_3350_8-22.pdf,2022-08-01
amam,easy_term,NE,63,female,1,20,100000,100000,standard_t,,60,0.094,290.75,100000,Form_3350_8-22.pdf,2022-08-01
amam,easy_term,NE,63,female,1,20,150000,150000,standard_t,,60,0.094,433.30,150000,Form_3350_8-22.pdf,2022-08-01
amam,easy_term,NE,63,female,1,20,200000,200000,standard_t,,60,0.094,575.85,200000,Form_3350_8-22.pdf,2022-08-01
amam,easy_term,NE,63,female,1,20,250000,250000,standard_t,,60,0.094,718.40,250000,Form_3350_8-22.pdf,2022-08-01
amam,easy_term,NE,63,female,1,20,300000,300000,standard_t,,60,0.094,860.95,300000,Form_3350_8-22.pdf,2022-08-01
amam,easy_term,NE,64,female,0,20,100000,100000,standard_nt,,60,0.094,143.17,100000,Form_3350_8-22.pdf,2022-08-01
amam,easy_term,NE,64,female,0,20,150000,150000,standard_nt,,60,0.094,211.93,150000,Form_3350_8-22.pdf,2022-08-01
amam,easy_term,NE,64,female,0,20,200000,200000,standard_nt,,60,0.094,280.69,200000,Form_3350_8-22.pdf,2022-08-01
amam,easy_term,NE,64,female,0,20,250000,250000,standard_nt,,60,0.094,349.45,250000,Form_3350_8-22.pdf,2022-08-01
amam,easy_term,NE,64,female,0,20,300000,300000,standard_nt,,60,0.094,418.21,300000,Form_3350_8-22.pdf,2022-08-01
amam,easy_term,NE,64,female,1,20,100000,100000,standard_t,,60,0.094,312.65,100000,Form_3350_8-22.pdf,2022-08-01
amam,easy_term,NE,64,female,1,20,150000,150000,standard_t,,60,0.094,466.15,150000,Form_3350_8-22.pdf,2022-08-01
amam,easy_term,NE,64,female,1,20,200000,200000,standard_t,,60,0.094,619.65,200000,Form_3350_8-22.pdf,2022-08-01
amam,easy_term,NE,64,female,1,20,250000,250000,standard_t,,60,0.094,773.15,250000,Form_3350_8-22.pdf,2022-08-01
amam,easy_term,NE,64,female,1,20,300000,300000,standard_t,,60,0.094,926.66,300000,Form_3350_8-22.pdf,2022-08-01
amam,easy_term,NE,18,female,0,30,100000,100000,standard_nt,,60,0.094,27.26,100000,Form_3350_8-22.pdf,2022-08-01
amam,easy_term,NE,18,female,0,30,150000,150000,standard_nt,,60,0.094,38.07,150000,Form_3350_8-22.pdf,2022-08-01
amam,easy_term,NE,18,female,0,30,200000,200000,standard_nt,,60,0.094,48.88,200000,Form_3350_8-22.pdf,2022-08-01
amam,easy_term,NE,18,female,0,30,250000,250000,standard_nt,,60,0.094,59.69,250000,Form_3350_8-22.pdf,2022-08-01
amam,easy_term,NE,18,female,0,30,300000,300000,standard_nt,,60,0.094,70.50,300000,Form_3350_8-22.pdf,2022-08-01
amam,easy_term,NE,18,female,0,30,400000,400000,standard_nt,,60,0.094,92.12,400000,Form_3350_8-22.pdf,2022-08-01
amam,easy_term,NE,18,female,0,30,500000,500000,standard_nt,,60,0.094,113.74,500000,Form_3350_8-22.pdf,2022-08-01
amam,easy_term,NE,18,female,1,30,100000,100000,standard_t,,60,0.094,39.67,100000,Form_3350_8-22.pdf,2022-08-01
amam,easy_term,NE,18,female,1,30,150000,150000,standard_t,,60,0.094,56.69,150000,Form_3350_8-22.pdf,2022-08-01
amam,easy_term,NE,18,female,1,30,200000,200000,standard_t,,60,0.094,73.70,200000,Form_3350_8-22.pdf,2022-08-01
amam,easy_term,NE,18,female,1,30,250000,250000,standard_t,,60,0.094,90.71,250000,Form_3350_8-22.pdf,2022-08-01
amam,easy_term,NE,18,female,1,30,300000,300000,standard_t,,60,0.094,107.73,300000,Form_3350_8-22.pdf,2022-08-01
amam,easy_term,NE,18,female,1,30,400000,400000,standard_t,,60,0.094,141.76,400000,Form_3350_8-22.pdf,2022-08-01
amam,easy_term,NE,18,female,1,30,500000,500000,standard_t,,60,0.094,175.78,500000,Form_3350_8-22.pdf,2022-08-01
amam,easy_term,NE,19,female,0,30,100000,100000,standard_nt,,60,0.094,27.26,100000,Form_3350_8-22.pdf,2022-08-01
amam,easy_term,NE,19,female,0,30,150000,150000,standard_nt,,60,0.094,38.07,150000,Form_3350_8-22.pdf,2022-08-01
amam,easy_term,NE,19,female,0,30,200000,200000,standard_nt,,60,0.094,48.88,200000,Form_3350_8-22.pdf,2022-08-01
amam,easy_term,NE,19,female,0,30,250000,250000,standard_nt,,60,0.094,59.69,250000,Form_3350_8-22.pdf,2022-08-01
amam,easy_term,NE,19,female,0,30,300000,300000,standard_nt,,60,0.094,70.50,300000,Form_3350_8-22.pdf,2022-08-01
amam,easy_term,NE,19,female,0,30,400000,400000,standard_nt,,60,0.094,92.12,400000,Form_3350_8-22.pdf,2022-08-01
amam,easy_term,NE,19,female,0,30,500000,500000,standard_nt,,60,0.094,113.74,500000,Form_3350_8-22.pdf,2022-08-01
amam,easy_term,NE,19,female,1,30,100000,100000,standard_t,,60,0.094,39.67,100000,Form_3350_8-22.pdf,2022-08-01
amam,easy_term,NE,19,female,1,30,150000,150000,standard_t,,60,0.094,56.69,150000,Form_3350_8-22.pdf,2022-08-01
amam,easy_term,NE,19,female,1,30,200000,200000,standard_t,,60,0.094,73.70,200000,Form_3350_8-22.pdf,2022-08-01
amam,easy_term,NE,19,female,1,30,250000,250000,standard_t,,60,0.094,90.71,250000,Form_3350_8-22.pdf,2022-08-01
amam,easy_term,NE,19,female,1,30,300000,300000,standard_t,,60,0.094,107.73,300000,Form_3350_8-22.pdf,2022-08-01
amam,easy_term,NE,19,female,1,30,400000,400000,standard_t,,60,0.094,141.76,400000,Form_3350_8-22.pdf,2022-08-01
amam,easy_term,NE,19,female,1,30,500000,500000,standard_t,,60,0.094,175.78,500000,Form_3350_8-22.pdf,2022-08-01
amam,easy_term,NE,20,female,0,30,100000,100000,standard_nt,,60,0.094,27.26,100000,Form_3350_8-22.pdf,2022-08-01
amam,easy_term,NE,20,female,0,30,150000,150000,standard_nt,,60,0.094,38.07,150000,Form_3350_8-22.pdf,2022-08-01
amam,easy_term,NE,20,female,0,30,200000,200000,standard_nt,,60,0.094,48.88,200000,Form_3350_8-22.pdf,2022-08-01
amam,easy_term,NE,20,female,0,30,250000,250000,standard_nt,,60,0.094,59.69,250000,Form_3350_8-22.pdf,2022-08-01
amam,easy_term,NE,20,female,0,30,300000,300000,standard_nt,,60,0.094,70.50,300000,Form_3350_8-22.pdf,2022-08-01
amam,easy_term,NE,20,female,0,30,400000,400000,standard_nt,,60,0.094,92.12,400000,Form_3350_8-22.pdf,2022-08-01
amam,easy_term,NE,20,female,0,30,500000,500000,standard_nt,,60,0.094,113.74,500000,Form_3350_8-22.pdf,2022-08-01
amam,easy_term,NE,20,female,1,30,100000,100000,standard_t,,60,0.094,39.67,100000,Form_3350_8-22.pdf,2022-08-01
amam,easy_term,NE,20,female,1,30,150000,150000,standard_t,,60,0.094,56.69,150000,Form_3350_8-22.pdf,2022-08-01
amam,easy_term,NE,20,female,1,30,200000,200000,standard_t,,60,0.094,73.70,200000,Form_3350_8-22.pdf,2022-08-01
amam,easy_term,NE,20,female,1,30,250000,250000,standard_t,,60,0.094,90.71,250000,Form_3350_8-22.pdf,2022-08-01
amam,easy_term,NE,20,female,1,30,300000,300000,standard_t,,60,0.094,107.73,300000,Form_3350_8-22.pdf,2022-08-01
amam,easy_term,NE,20,female,1,30,400000,400000,standard_t,,60,0.094,141.76,400000,Form_3350_8-22.pdf,2022-08-01
amam,easy_term,NE,20,female,1,30,500000,500000,standard_t,,60,0.094,175.78,500000,Form_3350_8-22.pdf,2022-08-01
amam,easy_term,NE,21,female,0,30,100000,100000,standard_nt,,60,0.094,27.26,100000,Form_3350_8-22.pdf,2022-08-01
amam,easy_term,NE,21,female,0,30,150000,150000,standard_nt,,60,0.094,38.07,150000,Form_3350_8-22.pdf,2022-08-01
amam,easy_term,NE,21,female,0,30,200000,200000,standard_nt,,60,0.094,48.88,200000,Form_3350_8-22.pdf,2022-08-01
amam,easy_term,NE,21,female,0,30,250000,250000,standard_nt,,60,0.094,59.69,250000,Form_3350_8-22.pdf,2022-08-01
amam,easy_term,NE,21,female,0,30,300000,300000,standard_nt,,60,0.094,70.50,300000,Form_3350_8-22.pdf,2022-08-01
amam,easy_term,NE,21,female,0,30,400000,400000,standard_nt,,60,0.094,92.12,400000,Form_3350_8-22.pdf,2022-08-01
amam,easy_term,NE,21,female,0,30,500000,500000,standard_nt,,60,0.094,113.74,500000,Form_3350_8-22.pdf,2022-08-01
amam,easy_term,NE,21,female,1,30,100000,100000,standard_t,,60,0.094,39.67,100000,Form_3350_8-22.pdf,2022-08-01
amam,easy_term,NE,21,female,1,30,150000,150000,standard_t,,60,0.094,56.69,150000,Form_3350_8-22.pdf,2022-08-01
amam,easy_term,NE,21,female,1,30,200000,200000,standard_t,,60,0.094,73.70,200000,Form_3350_8-22.pdf,2022-08-01
amam,easy_term,NE,21,female,1,30,250000,250000,standard_t,,60,0.094,90.71,250000,Form_3350_8-22.pdf,2022-08-01
amam,easy_term,NE,21,female,1,30,300000,300000,standard_t,,60,0.094,107.73,300000,Form_3350_8-22.pdf,2022-08-01
amam,easy_term,NE,21,female,1,30,400000,400000,standard_t,,60,0.094,141.76,400000,Form_3350_8-22.pdf,2022-08-01
amam,easy_term,NE,21,female,1,30,500000,500000,standard_t,,60,0.094,175.78,500000,Form_3350_8-22.pdf,2022-08-01
amam,easy_term,NE,22,female,0,30,100000,100000,standard_nt,,60,0.094,27.26,100000,Form_3350_8-22.pdf,2022-08-01
amam,easy_term,NE,22,female,0,30,150000,150000,standard_nt,,60,0.094,38.07,150000,Form_3350_8-22.pdf,2022-08-01
amam,easy_term,NE,22,female,0,30,200000,200000,standard_nt,,60,0.094,48.88,200000,Form_3350_8-22.pdf,2022-08-01
amam,easy_term,NE,22,female,0,30,250000,250000,standard_nt,,60,0.094,59.69,250000,Form_3350_8-22.pdf,2022-08-01
amam,easy_term,NE,22,female,0,30,300000,300000,standard_nt,,60,0.094,70.50,300000,Form_3350_8-22.pdf,2022-08-01
amam,easy_term,NE,22,female,0,30,400000,400000,standard_nt,,60,0.094,92.12,400000,Form_3350_8-22.pdf,2022-08-01
amam,easy_term,NE,22,female,0,30,500000,500000,standard_nt,,60,0.094,113.74,500000,Form_3350_8-22.pdf,2022-08-01
amam,easy_term,NE,22,female,1,30,100000,100000,standard_t,,60,0.094,39.67,100000,Form_3350_8-22.pdf,2022-08-01
amam,easy_term,NE,22,female,1,30,150000,150000,standard_t,,60,0.094,56.69,150000,Form_3350_8-22.pdf,2022-08-01
amam,easy_term,NE,22,female,1,30,200000,200000,standard_t,,60,0.094,73.70,200000,Form_3350_8-22.pdf,2022-08-01
amam,easy_term,NE,22,female,1,30,250000,250000,standard_t,,60,0.094,90.71,250000,Form_3350_8-22.pdf,2022-08-01
amam,easy_term,NE,22,female,1,30,300000,300000,standard_t,,60,0.094,107.73,300000,Form_3350_8-22.pdf,2022-08-01
amam,easy_term,NE,22,female,1,30,400000,400000,standard_t,,60,0.094,141.76,400000,Form_3350_8-22.pdf,2022-08-01
amam,easy_term,NE,22,female,1,30,500000,500000,standard_t,,60,0.094,175.78,500000,Form_3350_8-22.pdf,2022-08-01
amam,easy_term,NE,23,female,0,30,100000,100000,standard_nt,,60,0.094,27.26,100000,Form_3350_8-22.pdf,2022-08-01
amam,easy_term,NE,23,female,0,30,150000,150000,standard_nt,,60,0.094,38.07,150000,Form_3350_8-22.pdf,2022-08-01
amam,easy_term,NE,23,female,0,30,200000,200000,standard_nt,,60,0.094,48.88,200000,Form_3350_8-22.pdf,2022-08-01
amam,easy_term,NE,23,female,0,30,250000,250000,standard_nt,,60,0.094,59.69,250000,Form_3350_8-22.pdf,2022-08-01
amam,easy_term,NE,23,female,0,30,300000,300000,standard_nt,,60,0.094,70.50,300000,Form_3350_8-22.pdf,2022-08-01
amam,easy_term,NE,23,female,0,30,400000,400000,standard_nt,,60,0.094,92.12,400000,Form_3350_8-22.pdf,2022-08-01
amam,easy_term,NE,23,female,0,30,500000,500000,standard_nt,,60,0.094,113.74,500000,Form_3350_8-22.pdf,2022-08-01
amam,easy_term,NE,23,female,1,30,100000,100000,standard_t,,60,0.094,39.67,100000,Form_3350_8-22.pdf,2022-08-01
amam,easy_term,NE,23,female,1,30,150000,150000,standard_t,,60,0.094,56.69,150000,Form_3350_8-22.pdf,2022-08-01
amam,easy_term,NE,23,female,1,30,200000,200000,standard_t,,60,0.094,73.70,200000,Form_3350_8-22.pdf,2022-08-01
amam,easy_term,NE,23,female,1,30,250000,250000,standard_t,,60,0.094,90.71,250000,Form_3350_8-22.pdf,2022-08-01
amam,easy_term,NE,23,female,1,30,300000,300000,standard_t,,60,0.094,107.73,300000,Form_3350_8-22.pdf,2022-08-01
amam,easy_term,NE,23,female,1,30,400000,400000,standard_t,,60,0.094,141.76,400000,Form_3350_8-22.pdf,2022-08-01
amam,easy_term,NE,23,female,1,30,500000,500000,standard_t,,60,0.094,175.78,500000,Form_3350_8-22.pdf,2022-08-01
amam,easy_term,NE,24,female,0,30,100000,100000,standard_nt,,60,0.094,27.26,100000,Form_3350_8-22.pdf,2022-08-01
amam,easy_term,NE,24,female,0,30,150000,150000,standard_nt,,60,0.094,38.07,150000,Form_3350_8-22.pdf,2022-08-01
amam,easy_term,NE,24,female,0,30,200000,200000,standard_nt,,60,0.094,48.88,200000,Form_3350_8-22.pdf,2022-08-01
amam,easy_term,NE,24,female,0,30,250000,250000,standard_nt,,60,0.094,59.69,250000,Form_3350_8-22.pdf,2022-08-01
amam,easy_term,NE,24,female,0,30,300000,300000,standard_nt,,60,0.094,70.50,300000,Form_3350_8-22.pdf,2022-08-01
amam,easy_term,NE,24,female,0,30,400000,400000,standard_nt,,60,0.094,92.12,400000,Form_3350_8-22.pdf,2022-08-01
amam,easy_term,NE,24,female,0,30,500000,500000,standard_nt,,60,0.094,113.74,500000,Form_3350_8-22.pdf,2022-08-01
amam,easy_term,NE,24,female,1,30,100000,100000,standard_t,,60,0.094,39.67,100000,Form_3350_8-22.pdf,2022-08-01
amam,easy_term,NE,24,female,1,30,150000,150000,standard_t,,60,0.094,56.69,150000,Form_3350_8-22.pdf,2022-08-01
amam,easy_term,NE,24,female,1,30,200000,200000,standard_t,,60,0.094,73.70,200000,Form_3350_8-22.pdf,2022-08-01
amam,easy_term,NE,24,female,1,30,250000,250000,standard_t,,60,0.094,90.71,250000,Form_3350_8-22.pdf,2022-08-01
amam,easy_term,NE,24,female,1,30,300000,300000,standard_t,,60,0.094,107.73,300000,Form_3350_8-22.pdf,2022-08-01
amam,easy_term,NE,24,female,1,30,400000,400000,standard_t,,60,0.094,141.76,400000,Form_3350_8-22.pdf,2022-08-01
amam,easy_term,NE,24,female,1,30,500000,500000,standard_t,,60,0.094,175.78,500000,Form_3350_8-22.pdf,2022-08-01
amam,easy_term,NE,25,female,0,30,100000,100000,standard_nt,,60,0.094,27.26,100000,Form_3350_8-22.pdf,2022-08-01
amam,easy_term,NE,25,female,0,30,150000,150000,standard_nt,,60,0.094,38.07,150000,Form_3350_8-22.pdf,2022-08-01
amam,easy_term,NE,25,female,0,30,200000,200000,standard_nt,,60,0.094,48.88,200000,Form_3350_8-22.pdf,2022-08-01
amam,easy_term,NE,25,female,0,30,250000,250000,standard_nt,,60,0.094,59.69,250000,Form_3350_8-22.pdf,2022-08-01
amam,easy_term,NE,25,female,0,30,300000,300000,standard_nt,,60,0.094,70.50,300000,Form_3350_8-22.pdf,2022-08-01
amam,easy_term,NE,25,female,0,30,400000,400000,standard_nt,,60,0.094,92.12,400000,Form_3350_8-22.pdf,2022-08-01
amam,easy_term,NE,25,female,0,30,500000,500000,standard_nt,,60,0.094,113.74,500000,Form_3350_8-22.pdf,2022-08-01
amam,easy_term,NE,25,female,1,30,100000,100000,standard_t,,60,0.094,39.67,100000,Form_3350_8-22.pdf,2022-08-01
amam,easy_term,NE,25,female,1,30,150000,150000,standard_t,,60,0.094,56.69,150000,Form_3350_8-22.pdf,2022-08-01
amam,easy_term,NE,25,female,1,30,200000,200000,standard_t,,60,0.094,73.70,200000,Form_3350_8-22.pdf,2022-08-01
amam,easy_term,NE,25,female,1,30,250000,250000,standard_t,,60,0.094,90.71,250000,Form_3350_8-22.pdf,2022-08-01
amam,easy_term,NE,25,female,1,30,300000,300000,standard_t,,60,0.094,107.73,300000,Form_3350_8-22.pdf,2022-08-01
amam,easy_term,NE,25,female,1,30,400000,400000,standard_t,,60,0.094,141.76,400000,Form_3350_8-22.pdf,2022-08-01
amam,easy_term,NE,25,female,1,30,500000,500000,standard_t,,60,0.094,175.78,500000,Form_3350_8-22.pdf,2022-08-01
amam,easy_term,NE,26,female,0,30,100000,100000,standard_nt,,60,0.094,28.02,100000,Form_3350_8-22.pdf,2022-08-01
amam,easy_term,NE,26,female,0,30,150000,150000,standard_nt,,60,0.094,39.20,150000,Form_3350_8-22.pdf,2022-08-01
amam,easy_term,NE,26,female,0,30,200000,200000,standard_nt,,60,0.094,50.39,200000,Form_3350_8-22.pdf,2022-08-01
amam,easy_term,NE,26,female,0,30,250000,250000,standard_nt,,60,0.094,61.57,250000,Form_3350_8-22.pdf,2022-08-01
amam,easy_term,NE,26,female,0,30,300000,300000,standard_nt,,60,0.094,72.76,300000,Form_3350_8-22.pdf,2022-08-01
amam,easy_term,NE,26,female,0,30,400000,400000,standard_nt,,60,0.094,95.13,400000,Form_3350_8-22.pdf,2022-08-01
amam,easy_term,NE,26,female,0,30,500000,500000,standard_nt,,60,0.094,117.50,500000,Form_3350_8-22.pdf,2022-08-01
amam,easy_term,NE,26,female,1,30,100000,100000,standard_t,,60,0.094,41.18,100000,Form_3350_8-22.pdf,2022-08-01
amam,easy_term,NE,26,female,1,30,150000,150000,standard_t,,60,0.094,58.94,150000,Form_3350_8-22.pdf,2022-08-01
amam,easy_term,NE,26,female,1,30,200000,200000,standard_t,,60,0.094,76.71,200000,Form_3350_8-22.pdf,2022-08-01
amam,easy_term,NE,26,female,1,30,250000,250000,standard_t,,60,0.094,94.47,250000,Form_3350_8-22.pdf,2022-08-01
amam,easy_term,NE,26,female,1,30,300000,300000,standard_t,,60,0.094,112.24,300000,Form_3350_8-22.pdf,2022-08-01
amam,easy_term,NE,26,female,1,30,400000,400000,standard_t,,60,0.094,147.77,400000,Form_3350_8-22.pdf,2022-08-01
amam,easy_term,NE,26,female,1,30,500000,500000,standard_t,,60,0.094,183.30,500000,Form_3350_8-22.pdf,2022-08-01
amam,easy_term,NE,27,female,0,30,100000,100000,standard_nt,,60,0.094,28.77,100000,Form_3350_8-22.pdf,2022-08-01
amam,easy_term,NE,27,female,0,30,150000,150000,standard_nt,,60,0.094,40.33,150000,Form_3350_8-22.pdf,2022-08-01
amam,easy_term,NE,27,female,0,30,200000,200000,standard_nt,,60,0.094,51.89,200000,Form_3350_8-22.pdf,2022-08-01
amam,easy_term,NE,27,female,0,30,250000,250000,standard_nt,,60,0.094,63.45,250000,Form_3350_8-22.pdf,2022-08-01
amam,easy_term,NE,27,female,0,30,300000,300000,standard_nt,,60,0.094,75.02,300000,Form_3350_8-22.pdf,2022-08-01
amam,easy_term,NE,27,female,0,30,400000,400000,standard_nt,,60,0.094,98.14,400000,Form_3350_8-22.pdf,2022-08-01
amam,easy_term,NE,27,female,0,30,500000,500000,standard_nt,,60,0.094,121.26,500000,Form_3350_8-22.pdf,2022-08-01
amam,easy_term,NE,27,female,1,30,100000,100000,standard_t,,60,0.094,42.77,100000,Form_3350_8-22.pdf,2022-08-01
amam,easy_term,NE,27,female,1,30,150000,150000,standard_t,,60,0.094,61.34,150000,Form_3350_8-22.pdf,2022-08-01
amam,easy_term,NE,27,female,1,30,200000,200000,standard_t,,60,0.094,79.90,200000,Form_3350_8-22.pdf,2022-08-01
amam,easy_term,NE,27,female,1,30,250000,250000,standard_t,,60,0.094,98.47,250000,Form_3350_8-22.pdf,2022-08-01
amam,easy_term,NE,27,female,1,30,300000,300000,standard_t,,60,0.094,117.03,300000,Form_3350_8-22.pdf,2022-08-01
amam,easy_term,NE,27,female,1,30,400000,400000,standard_t,,60,0.094,154.16,400000,Form_3350_8-22.pdf,2022-08-01
amam,easy_term,NE,27,female,1,30,500000,500000,standard_t,,60,0.094,191.29,500000,Form_3350_8-22.pdf,2022-08-01
amam,easy_term,NE,28,female,0,30,100000,100000,standard_nt,,60,0.094,29.52,100000,Form_3350_8-22.pdf,2022-08-01
amam,easy_term,NE,28,female,0,30,150000,150000,standard_nt,,60,0.094,41.46,150000,Form_3350_8-22.pdf,2022-08-01
amam,easy_term,NE,28,female,0,30,200000,200000,standard_nt,,60,0.094,53.40,200000,Form_3350_8-22.pdf,2022-08-01
amam,easy_term,NE,28,female,0,30,250000,250000,standard_nt,,60,0.094,65.33,250000,Form_3350_8-22.pdf,2022-08-01
amam,easy_term,NE,28,female,0,30,300000,300000,standard_nt,,60,0.094,77.27,300000,Form_3350_8-22.pdf,2022-08-01
amam,easy_term,NE,28,female,0,30,400000,400000,standard_nt,,60,0.094,101.15,400000,Form_3350_8-22.pdf,2022-08-01
amam,easy_term,NE,28,female,0,30,500000,500000,standard_nt,,60,0.094,125.02,500000,Form_3350_8-22.pdf,2022-08-01
amam,easy_term,NE,28,female,1,30,100000,100000,standard_t,,60,0.094,44.37,100000,Form_3350_8-22.pdf,2022-08-01
amam,easy_term,NE,28,female,1,30,150000,150000,standard_t,,60,0.094,63.74,150000,Form_3350_8-22.pdf,2022-08-01
amam,easy_term,NE,28,female,1,30,200000,200000,standard_t,,60,0.094,83.10,200000,Form_3350_8-22.pdf,2022-08-01
amam,easy_term,NE,28,female,1,30,250000,250000,standard_t,,60,0.094,102.46,250000,Form_3350_8-22.pdf,2022-08-01
amam,easy_term,NE,28,female,1,30,300000,300000,standard_t,,60,0.094,121.83,300000,Form_3350_8-22.pdf,2022-08-01
amam,easy_term,NE,28,female,1,30,400000,400000,standard_t,,60,0.094,160.56,400000,Form_3350_8-22.pdf,2022-08-01
amam,easy_term,NE,28,female,1,30,500000,500000,standard_t,,60,0.094,199.28,500000,Form_3350_8-22.pdf,2022-08-01
amam,easy_term,NE,29,female,0,30,100000,100000,standard_nt,,60,0.094,30.27,100000,Form_3350_8-22.pdf,2022-08-01
amam,easy_term,NE,29,female,0,30,150000,150000,standard_nt,,60,0.094,42.59,150000,Form_3350_8-22.pdf,2022-08-01
amam,easy_term,NE,29,female,0,30,200000,200000,standard_nt,,60,0.094,54.90,200000,Form_3350_8-22.pdf,2022-08-01
amam,easy_term,NE,29,female,0,30,250000,250000,standard_nt,,60,0.094,67.21,250000,Form_3350_8-22.pdf,2022-08-01
amam,easy_term,NE,29,female,0,30,300000,300000,standard_nt,,60,0.094,79.53,300000,Form_3350_8-22.pdf,2022-08-01
amam,easy_term,NE,29,female,0,30,400000,400000,standard_nt,,60,0.094,104.16,400000,Form_3350_8-22.pdf,2022-08-01
amam,easy_term,NE,29,female,0,30,500000,500000,standard_nt,,60,0.094,128.78,500000,Form_3350_8-22.pdf,2022-08-01
amam,easy_term,NE,29,female,1,30,100000,100000,standard_t,,60,0.094,45.97,100000,Form_3350_8-22.pdf,2022-08-01
amam,easy_term,NE,29,female,1,30,150000,150000,standard_t,,60,0.094,66.13,150000,Form_3350_8-22.pdf,2022-08-01
amam,easy_term,NE,29,female,1,30,200000,200000,standard_t,,60,0.094,86.30,200000,Form_3350_8-22.pdf,2022-08-01
amam,easy_term,NE,29,female,1,30,250000,250000,standard_t,,60,0.094,106.46,250000,Form_3350_8-22.pdf,2022-08-01
amam,easy_term,NE,29,female,1,30,300000,300000,standard_t,,60,0.094,126.62,300000,Form_3350_8-22.pdf,2022-08-01
amam,easy_term,NE,29,female,1,30,400000,400000,standard_t,,60,0.094,166.95,400000,Form_3350_8-22.pdf,2022-08-01
amam,easy_term,NE,29,female,1,30,500000,500000,standard_t,,60,0.094,207.27,500000,Form_3350_8-22.pdf,2022-08-01
amam,easy_term,NE,30,female,0,30,100000,100000,standard_nt,,60,0.094,30.93,100000,Form_3350_8-22.pdf,2022-08-01
amam,easy_term,NE,30,female,0,30,150000,150000,standard_nt,,60,0.094,43.57,150000,Form_3350_8-22.pdf,2022-08-01
amam,easy_term,NE,30,female,0,30,200000,200000,standard_nt,,60,0.094,56.22,200000,Form_3350_8-22.pdf,2022-08-01
amam,easy_term,NE,30,female,0,30,250000,250000,standard_nt,,60,0.094,68.86,250000,Form_3350_8-22.pdf,2022-08-01
amam,easy_term,NE,30,female,0,30,300000,300000,standard_nt,,60,0.094,81.50,300000,Form_3350_8-22.pdf,2022-08-01
amam,easy_term,NE,30,female,0,30,400000,400000,standard_nt,,60,0.094,106.79,400000,Form_3350_8-22.pdf,2022-08-01
amam,easy_term,NE,30,female,0,30,500000,500000,standard_nt,,60,0.094,132.07,500000,Form_3350_8-22.pdf,2022-08-01
amam,easy_term,NE,30,female,1,30,100000,100000,standard_t,,60,0.094,47.47,100000,Form_3350_8-22.pdf,2022-08-01
amam,easy_term,NE,30,female,1,30,150000,150000,standard_t,,60,0.094,68.39,150000,Form_3350_8-22.pdf,2022-08-01
amam,easy_term,NE,30,female,1,30,200000,200000,standard_t,,60,0.094,89.30,200000,Form_3350_8-22.pdf,2022-08-01
amam,easy_term,NE,30,female,1,30,250000,250000,standard_t,,60,0.094,110.22,250000,Form_3350_8-22.pdf,2022-08-01
amam,easy_term,NE,30,female,1,30,300000,300000,standard_t,,60,0.094,131.13,300000,Form_3350_8-22.pdf,2022-08-01
amam,easy_term,NE,30,female,1,30,400000,400000,standard_t,,60,0.094,172.96,400000,Form_3350_8-22.pdf,2022-08-01
amam,easy_term,NE,30,female,1,30,500000,500000,standard_t,,60,0.094,214.79,500000,Form_3350_8-22.pdf,2022-08-01
amam,easy_term,NE,31,female,0,30,100000,100000,standard_nt,,60,0.094,32.25,100000,Form_3350_8-22.pdf,2022-08-01
amam,easy_term,NE,31,female,0,30,150000,150000,standard_nt,,60,0.094,45.55,150000,Form_3350_8-22.pdf,2022-08-01
amam,easy_term,NE,31,female,0,30,200000,200000,standard_nt,,60,0.094,58.85,200000,Form_3350_8-22.pdf,2022-08-01
amam,easy_term,NE,31,female,0,30,250000,250000,standard_nt,,60,0.094,72.15,250000,Form_3350_8-22.pdf,2022-08-01
amam,easy_term,NE,31,female,0,30,300000,300000,standard_nt,,60,0.094,85.45,300000,Form_3350_8-22.pdf,2022-08-01
amam,easy_term,NE,31,female,0,30,400000,400000,standard_nt,,60,0.094,112.05,400000,Form_3350_8-22.pdf,2022-08-01
amam,easy_term,NE,31,female,0,30,500000,500000,standard_nt,,60,0.094,138.65,500000,Form_3350_8-22.pdf,2022-08-01
amam,easy_term,NE,31,female,1,30,100000,100000,standard_t,,60,0.094,49.82,100000,Form_3350_8-22.pdf,2022-08-01
amam,easy_term,NE,31,female,1,30,150000,150000,standard_t,,60,0.094,71.91,150000,Form_3350_8-22.pdf,2022-08-01
amam,easy_term,NE,31,female,1,30,200000,200000,standard_t,,60,0.094,94.00,200000,Form_3350_8-22.pdf,2022-08-01
amam,easy_term,NE,31,female,1,30,250000,250000,standard_t,,60,0.094,116.09,250000,Form_3350_8-22.pdf,2022-08-01
amam,easy_term,NE,31,female,1,30,300000,300000,standard_t,,60,0.094,138.18,300000,Form_3350_8-22.pdf,2022-08-01
amam,easy_term,NE,31,female,1,30,400000,400000,standard_t,,60,0.094,182.36,400000,Form_3350_8-22.pdf,2022-08-01
amam,easy_term,NE,31,female,1,30,500000,500000,standard_t,,60,0.094,226.54,500000,Form_3350_8-22.pdf,2022-08-01
amam,easy_term,NE,32,female,0,30,100000,100000,standard_nt,,60,0.094,32.90,100000,Form_3350_8-22.pdf,2022-08-01
amam,easy_term,NE,32,female,0,30,150000,150000,standard_nt,,60,0.094,46.53,150000,Form_3350_8-22.pdf,2022-08-01
amam,easy_term,NE,32,female,0,30,200000,200000,standard_nt,,60,0.094,60.16,200000,Form_3350_8-22.pdf,2022-08-01
amam,easy_term,NE,32,female,0,30,250000,250000,standard_nt,,60,0.094,73.79,250000,Form_3350_8-22.pdf,2022-08-01
amam,easy_term,NE,32,female,0,30,300000,300000,standard_nt,,60,0.094,87.42,300000,Form_3350_8-22.pdf,2022-08-01
amam,easy_term,NE,32,female,0,30,400000,400000,standard_nt,,60,0.094,114.68,400000,Form_3350_8-22.pdf,2022-08-01
amam,easy_term,NE,32,female,0,30,500000,500000,standard_nt,,60,0.094,141.94,500000,Form_3350_8-22.pdf,2022-08-01
amam,easy_term,NE,32,female,1,30,100000,100000,standard_t,,60,0.094,51.42,100000,Form_3350_8-22.pdf,2022-08-01
amam,easy_term,NE,32,female,1,30,150000,150000,standard_t,,60,0.094,74.31,150000,Form_3350_8-22.pdf,2022-08-01
amam,easy_term,NE,32,female,1,30,200000,200000,standard_t,,60,0.094,97.20,200000,Form_3350_8-22.pdf,2022-08-01
amam,easy_term,NE,32,female,1,30,250000,250000,standard_t,,60,0.094,120.09,250000,Form_3350_8-22.pdf,2022-08-01
amam,easy_term,NE,32,female,1,30,300000,300000,standard_t,,60,0.094,142.98,300000,Form_3350_8-22.pdf,2022-08-01
amam,easy_term,NE,32,female,1,30,400000,400000,standard_t,,60,0.094,188.76,400000,Form_3350_8-22.pdf,2022-08-01
amam,easy_term,NE,32,female,1,30,500000,500000,standard_t,,60,0.094,234.53,500000,Form_3350_8-22.pdf,2022-08-01
amam,easy_term,NE,33,female,0,30,100000,100000,standard_nt,,60,0.094,33.66,100000,Form_3350_8-22.pdf,2022-08-01
amam,easy_term,NE,33,female,0,30,150000,150000,standard_nt,,60,0.094,47.66,150000,Form_3350_8-22.pdf,2022-08-01
amam,easy_term,NE,33,female,0,30,200000,200000,standard_nt,,60,0.094,61.67,200000,Form_3350_8-22.pdf,2022-08-01
amam,easy_term,NE,33,female,0,30,250000,250000,standard_nt,,60,0.094,75.67,250000,Form_3350_8-22.pdf,2022-08-01
amam,easy_term,NE,33,female,0,30,300000,300000,standard_nt,,60,0.094,89.68,300000,Form_3350_8-22.pdf,2022-08-01
amam,easy_term,NE,33,female,0,30,400000,400000,standard_nt,,60,0.094,117.69,400000,Form_3350_8-22.pdf,2022-08-01
amam,easy_term,NE,33,female,0,30,500000,500000,standard_nt,,60,0.094,145.70,500000,Form_3350_8-22.pdf,2022-08-01
amam,easy_term,NE,33,female,1,30,100000,100000,standard_t,,60,0.094,53.11,100000,Form_3350_8-22.pdf,2022-08-01
amam,easy_term,NE,33,female,1,30,150000,150000,standard_t,,60,0.094,76.85,150000,Form_3350_8-22.pdf,2022-08-01
amam,easy_term,NE,33,female,1,30,200000,200000,standard_t,,60,0.094,100.58,200000,Form_3350_8-22.pdf,2022-08-01
amam,easy_term,NE,33,female,1,30,250000,250000,standard_t,,60,0.094,124.32,250000,Form_3350_8-22.pdf,2022-08-01
amam,easy_term,NE,33,female,1,30,300000,300000,standard_t,,60,0.094,148.05,300000,Form_3350_8-22.pdf,2022-08-01
amam,easy_term,NE,33,female,1,30,400000,400000,standard_t,,60,0.094,195.52,400000,Form_3350_8-22.pdf,2022-08-01
amam,easy_term,NE,33,female,1,30,500000,500000,standard_t,,60,0.094,242.99,500000,Form_3350_8-22.pdf,2022-08-01
amam,easy_term,NE,34,female,0,30,100000,100000,standard_nt,,60,0.094,34.41,100000,Form_3350_8-22.pdf,2022-08-01
amam,easy_term,NE,34,female,0,30,150000,150000,standard_nt,,60,0.094,48.79,150000,Form_3350_8-22.pdf,2022-08-01
amam,easy_term,NE,34,female,0,30,200000,200000,standard_nt,,60,0.094,63.17,200000,Form_3350_8-22.pdf,2022-08-01
amam,easy_term,NE,34,female,0,30,250000,250000,standard_nt,,60,0.094,77.55,250000,Form_3350_8-22.pdf,2022-08-01
amam,easy_term,NE,34,female,0,30,300000,300000,standard_nt,,60,0.094,91.94,300000,Form_3350_8-22.pdf,2022-08-01
amam,easy_term,NE,34,female,0,30,400000,400000,standard_nt,,60,0.094,120.70,400000,Form_3350_8-22.pdf,2022-08-01
amam,easy_term,NE,34,female,0,30,500000,500000,standard_nt,,60,0.094,149.46,500000,Form_3350_8-22.pdf,2022-08-01
amam,easy_term,NE,34,female,1,30,100000,100000,standard_t,,60,0.094,54.81,100000,Form_3350_8-22.pdf,2022-08-01
amam,easy_term,NE,34,female,1,30,150000,150000,standard_t,,60,0.094,79.39,150000,Form_3350_8-22.pdf,2022-08-01
amam,easy_term,NE,34,female,1,30,200000,200000,standard_t,,60,0.094,103.97,200000,Form_3350_8-22.pdf,2022-08-01
amam,easy_term,NE,34,female,1,30,250000,250000,standard_t,,60,0.094,128.55,250000,Form_3350_8-22.pdf,2022-08-01
amam,easy_term,NE,34,female,1,30,300000,300000,standard_t,,60,0.094,153.13,300000,Form_3350_8-22.pdf,2022-08-01
amam,easy_term,NE,34,female,1,30,400000,400000,standard_t,,60,0.094,202.29,400000,Form_3350_8-22.pdf,2022-08-01
amam,easy_term,NE,34,female,1,30,500000,500000,standard_t,,60,0.094,251.45,500000,Form_3350_8-22.pdf,2022-08-01
amam,easy_term,NE,35,female,0,30,100000,100000,standard_nt,,60,0.094,35.25,100000,Form_3350_8-22.pdf,2022-08-01
amam,easy_term,NE,35,female,0,30,150000,150000,standard_nt,,60,0.094,50.06,150000,Form_3350_8-22.pdf,2022-08-01
amam,easy_term,NE,35,female,0,30,200000,200000,standard_nt,,60,0.094,64.86,200000,Form_3350_8-22.pdf,2022-08-01
amam,easy_term,NE,35,female,0,30,250000,250000,standard_nt,,60,0.094,79.67,250000,Form_3350_8-22.pdf,2022-08-01
amam,easy_term,NE,35,female,0,30,300000,300000,standard_nt,,60,0.094,94.47,300000,Form_3350_8-22.pdf,2022-08-01
amam,easy_term,NE,35,female,0,30,400000,400000,standard_nt,,60,0.094,124.08,400000,Form_3350_8-22.pdf,2022-08-01
amam,easy_term,NE,35,female,0,30,500000,500000,standard_nt,,60,0.094,153.69,500000,Form_3350_8-22.pdf,2022-08-01
amam,easy_term,NE,35,female,1,30,100000,100000,standard_t,,60,0.094,56.59,100000,Form_3350_8-22.pdf,2022-08-01
amam,easy_term,NE,35,female,1,30,150000,150000,standard_t,,60,0.094,82.07,150000,Form_3350_8-22.pdf,2022-08-01
amam,easy_term,NE,35,female,1,30,200000,200000,standard_t,,60,0.094,107.54,200000,Form_3350_8-22.pdf,2022-08-01
amam,easy_term,NE,35,female,1,30,250000,250000,standard_t,,60,0.094,133.01,250000,Form_3350_8-22.pdf,2022-08-01
amam,easy_term,NE,35,female,1,30,300000,300000,standard_t,,60,0.094,158.49,300000,Form_3350_8-22.pdf,2022-08-01
amam,easy_term,NE,35,female,1,30,400000,400000,standard_t,,60,0.094,209.44,400000,Form_3350_8-22.pdf,2022-08-01
amam,easy_term,NE,35,female,1,30,500000,500000,standard_t,,60,0.094,260.38,500000,Form_3350_8-22.pdf,2022-08-01
amam,easy_term,NE,36,female,0,30,100000,100000,standard_nt,,60,0.094,36.95,100000,Form_3350_8-22.pdf,2022-08-01
amam,easy_term,NE,36,female,0,30,150000,150000,standard_nt,,60,0.094,52.60,150000,Form_3350_8-22.pdf,2022-08-01
amam,easy_term,NE,36,female,0,30,200000,200000,standard_nt,,60,0.094,68.25,200000,Form_3350_8-22.pdf,2022-08-01
amam,easy_term,NE,36,female,0,30,250000,250000,standard_nt,,60,0.094,83.90,250000,Form_3350_8-22.pdf,2022-08-01
amam,easy_term,NE,36,female,0,30,300000,300000,standard_nt,,60,0.094,99.55,300000,Form_3350_8-22.pdf,2022-08-01
amam,easy_term,NE,36,female,0,30,400000,400000,standard_nt,,60,0.094,130.85,400000,Form_3350_8-22.pdf,2022-08-01
amam,easy_term,NE,36,female,0,30,500000,500000,standard_nt,,60,0.094,162.15,500000,Form_3350_8-22.pdf,2022-08-01
amam,easy_term,NE,36,female,1,30,100000,100000,standard_t,,60,0.094,60.26,100000,Form_3350_8-22.pdf,2022-08-01
amam,easy_term,NE,36,female,1,30,150000,150000,standard_t,,60,0.094,87.57,150000,Form_3350_8-22.pdf,2022-08-01
amam,easy_term,NE,36,female,1,30,200000,200000,standard_t,,60,0.094,114.87,200000,Form_3350_8-22.pdf,2022-08-01
amam,easy_term,NE,36,female,1,30,250000,250000,standard_t,,60,0.094,142.18,250000,Form_3350_8-22.pdf,2022-08-01
amam,easy_term,NE,36,female,1,30,300000,300000,standard_t,,60,0.094,169.49,300000,Form_3350_8-22.pdf,2022-08-01
amam,easy_term,NE,36,female,1,30,400000,400000,standard_t,,60,0.094,224.10,400000,Form_3350_8-22.pdf,2022-08-01
amam,easy_term,NE,36,female,1,30,500000,500000,standard_t,,60,0.094,278.71,500000,Form_3350_8-22.pdf,2022-08-01
amam,easy_term,NE,37,female,0,30,100000,100000,standard_nt,,60,0.094,38.64,100000,Form_3350_8-22.pdf,2022-08-01
amam,easy_term,NE,37,female,0,30,150000,150000,standard_nt,,60,0.094,55.14,150000,Form_3350_8-22.pdf,2022-08-01
amam,easy_term,NE,37,female,0,30,200000,200000,standard_nt,,60,0.094,71.63,200000,Form_3350_8-22.pdf,2022-08-01
amam,easy_term,NE,37,female,0,30,250000,250000,standard_nt,,60,0.094,88.13,250000,Form_3350_8-22.pdf,2022-08-01
amam,easy_term,NE,37,female,0,30,300000,300000,standard_nt,,60,0.094,104.63,300000,Form_3350_8-22.pdf,2022-08-01
amam,easy_term,NE,37,female,0,30,400000,400000,standard_nt,,60,0.094,137.62,400000,Form_3350_8-22.pdf,2022-08-01
amam,easy_term,NE,37,female,0,30,500000,500000,standard_nt,,60,0.094,170.61,500000,Form_3350_8-22.pdf,2022-08-01
amam,easy_term,NE,37,female,1,30,100000,100000,standard_t,,60,0.094,64.21,100000,Form_3350_8-22.pdf,2022-08-01
amam,easy_term,NE,37,female,1,30,150000,150000,standard_t,,60,0.094,93.49,150000,Form_3350_8-22.pdf,2022-08-01
amam,easy_term,NE,37,female,1,30,200000,200000,standard_t,,60,0.094,122.77,200000,Form_3350_8-22.pdf,2022-08-01
amam,easy_term,NE,37,female,1,30,250000,250000,standard_t,,60,0.094,152.05,250000,Form_3350_8-22.pdf,2022-08-01
amam,easy_term,NE,37,female,1,30,300000,300000,standard_t,,60,0.094,181.33,300000,Form_3350_8-22.pdf,2022-08-01
amam,easy_term,NE,37,female,1,30,400000,400000,standard_t,,60,0.094,239.89,400000,Form_3350_8-22.pdf,2022-08-01
amam,easy_term,NE,37,female,1,30,500000,500000,standard_t,,60,0.094,298.45,500000,Form_3350_8-22.pdf,2022-08-01
amam,easy_term,NE,38,female,0,30,100000,100000,standard_nt,,60,0.094,40.52,100000,Form_3350_8-22.pdf,2022-08-01
amam,easy_term,NE,38,female,0,30,150000,150000,standard_nt,,60,0.094,57.96,150000,Form_3350_8-22.pdf,2022-08-01
amam,easy_term,NE,38,female,0,30,200000,200000,standard_nt,,60,0.094,75.39,200000,Form_3350_8-22.pdf,2022-08-01
amam,easy_term,NE,38,female,0,30,250000,250000,standard_nt,,60,0.094,92.83,250000,Form_3350_8-22.pdf,2022-08-01
amam,easy_term,NE,38,female,0,30,300000,300000,standard_nt,,60,0.094,110.27,300000,Form_3350_8-22.pdf,2022-08-01
amam,easy_term,NE,38,female,0,30,400000,400000,standard_nt,,60,0.094,145.14,400000,Form_3350_8-22.pdf,2022-08-01
amam,easy_term,NE,38,female,0,30,500000,500000,standard_nt,,60,0.094,180.01,500000,Form_3350_8-22.pdf,2022-08-01
amam,easy_term,NE,38,female,1,30,100000,100000,standard_t,,60,0.094,68.62,100000,Form_3350_8-22.pdf,2022-08-01
amam,easy_term,NE,38,female,1,30,150000,150000,standard_t,,60,0.094,100.11,150000,Form_3350_8-22.pdf,2022-08-01
amam,easy_term,NE,38,female,1,30,200000,200000,standard_t,,60,0.094,131.60,200000,Form_3350_8-22.pdf,2022-08-01
amam,easy_term,NE,38,female,1,30,250000,250000,standard_t,,60,0.094,163.09,250000,Form_3350_8-22.pdf,2022-08-01
amam,easy_term,NE,38,female,1,30,300000,300000,standard_t,,60,0.094,194.58,300000,Form_3350_8-22.pdf,2022-08-01
amam,easy_term,NE,38,female,1,30,400000,400000,standard_t,,60,0.094,257.56,400000,Form_3350_8-22.pdf,2022-08-01
amam,easy_term,NE,38,female,1,30,500000,500000,standard_t,,60,0.094,320.54,500000,Form_3350_8-22.pdf,2022-08-01
amam,easy_term,NE,39,female,0,30,100000,100000,standard_nt,,60,0.094,42.59,100000,Form_3350_8-22.pdf,2022-08-01
amam,easy_term,NE,39,female,0,30,150000,150000,standard_nt,,60,0.094,61.06,150000,Form_3350_8-22.pdf,2022-08-01
amam,easy_term,NE,39,female,0,30,200000,200000,standard_nt,,60,0.094,79.53,200000,Form_3350_8-22.pdf,2022-08-01
amam,easy_term,NE,39,female,0,30,250000,250000,standard_nt,,60,0.094,98.00,250000,Form_3350_8-22.pdf,2022-08-01
amam,easy_term,NE,39,female,0,30,300000,300000,standard_nt,,60,0.094,116.47,300000,Form_3350_8-22.pdf,2022-08-01
amam,easy_term,NE,39,female,0,30,400000,400000,standard_nt,,60,0.094,153.41,400000,Form_3350_8-22.pdf,2022-08-01
amam,easy_term,NE,39,female,0,30,500000,500000,standard_nt,,60,0.094,190.35,500000,Form_3350_8-22.pdf,2022-08-01
amam,easy_term,NE,39,female,1,30,100000,100000,standard_t,,60,0.094,73.32,100000,Form_3350_8-22.pdf,2022-08-01
amam,easy_term,NE,39,female,1,30,150000,150000,standard_t,,60,0.094,107.16,150000,Form_3350_8-22.pdf,2022-08-01
amam,easy_term,NE,39,female,1,30,200000,200000,standard_t,,60,0.094,141.00,200000,Form_3350_8-22.pdf,2022-08-01
amam,easy_term,NE,39,female,1,30,250000,250000,standard_t,,60,0.094,174.84,250000,Form_3350_8-22.pdf,2022-08-01
amam,easy_term,NE,39,female,1,30,300000,300000,standard_t,,60,0.094,208.68,300000,Form_3350_8-22.pdf,2022-08-01
amam,easy_term,NE,39,female,1,30,400000,400000,standard_t,,60,0.094,276.36,400000,Form_3350_8-22.pdf,2022-08-01
amam,easy_term,NE,39,female,1,30,500000,500000,standard_t,,60,0.094,344.04,500000,Form_3350_8-22.pdf,2022-08-01
amam,easy_term,NE,40,female,0,30,100000,100000,standard_nt,,60,0.094,44.75,100000,Form_3350_8-22.pdf,2022-08-01
amam,easy_term,NE,40,female,0,30,150000,150000,standard_nt,,60,0.094,64.30,150000,Form_3350_8-22.pdf,2022-08-01
amam,easy_term,NE,40,female,0,30,200000,200000,standard_nt,,60,0.094,83.85,200000,Form_3350_8-22.pdf,2022-08-01
amam,easy_term,NE,40,female,0,30,250000,250000,standard_nt,,60,0.094,103.40,250000,Form_3350_8-22.pdf,2022-08-01
amam,easy_term,NE,40,female,0,30,300000,300000,standard_nt,,60,0.094,122.96,300000,Form_3350_8-22.pdf,2022-08-01
amam,easy_term,NE,40,female,0,30,400000,400000,standard_nt,,60,0.094,162.06,400000,Form_3350_8-22.pdf,2022-08-01
amam,easy_term,NE,40,female,0,30,500000,500000,standard_nt,,60,0.094,201.16,500000,Form_3350_8-22.pdf,2022-08-01
amam,easy_term,NE,40,female,1,30,100000,100000,standard_t,,60,0.094,78.49,100000,Form_3350_8-22.pdf,2022-08-01
amam,easy_term,NE,40,female,1,30,150000,150000,standard_t,,60,0.094,114.92,150000,Form_3350_8-22.pdf,2022-08-01
amam,easy_term,NE,40,female,1,30,200000,200000,standard_t,,60,0.094,151.34,200000,Form_3350_8-22.pdf,2022-08-01
amam,easy_term,NE,40,female,1,30,250000,250000,standard_t,,60,0.094,187.77,250000,Form_3350_8-22.pdf,2022-08-01
amam,easy_term,NE,40,female,1,30,300000,300000,standard_t,,60,0.094,224.19,300000,Form_3350_8-22.pdf,2022-08-01
amam,easy_term,NE,40,female,1,30,400000,400000,standard_t,,60,0.094,297.04,400000,Form_3350_8-22.pdf,2022-08-01
amam,easy_term,NE,40,female,1,30,500000,500000,standard_t,,60,0.094,369.89,500000,Form_3350_8-22.pdf,2022-08-01
amam,easy_term,NE,41,female,0,30,100000,100000,standard_nt,,60,0.094,47.10,100000,Form_3350_8-22.pdf,2022-08-01
amam,easy_term,NE,41,female,0,30,150000,150000,standard_nt,,60,0.094,67.83,150000,Form_3350_8-22.pdf,2022-08-01
amam,easy_term,NE,41,female,0,30,200000,200000,standard_nt,,60,0.094,88.55,200000,Form_3350_8-22.pdf,2022-08-01
amam,easy_term,NE,41,female,0,30,250000,250000,standard_nt,,60,0.094,109.28,250000,Form_3350_8-22.pdf,2022-08-01
amam,easy_term,NE,41,female,0,30,300000,300000,standard_nt,,60,0.094,130.01,300000,Form_3350_8-22.pdf,2022-08-01
amam,easy_term,NE,41,female,0,30,400000,400000,standard_nt,,60,0.094,171.46,400000,Form_3350_8-22.pdf,2022-08-01
amam,easy_term,NE,41,female,0,30,500000,500000,standard_nt,,60,0.094,212.91,500000,Form_3350_8-22.pdf,2022-08-01
amam,easy_term,NE,41,female,1,30,100000,100000,standard_t,,60,0.094,84.23,100000,Form_3350_8-22.pdf,2022-08-01
amam,easy_term,NE,41,female,1,30,150000,150000,standard_t,,60,0.094,123.52,150000,Form_3350_8-22.pdf,2022-08-01
amam,easy_term,NE,41,female,1,30,200000,200000,standard_t,,60,0.094,162.81,200000,Form_3350_8-22.pdf,2022-08-01
amam,easy_term,NE,41,female,1,30,250000,250000,standard_t,,60,0.094,202.10,250000,Form_3350_8-22.pdf,2022-08-01
amam,easy_term,NE,41,female,1,30,300000,300000,standard_t,,60,0.094,241.40,300000,Form_3350_8-22.pdf,2022-08-01
amam,easy_term,NE,41,female,1,30,400000,400000,standard_t,,60,0.094,319.98,400000,Form_3350_8-22.pdf,2022-08-01
amam,easy_term,NE,41,female,1,30,500000,500000,standard_t,,60,0.094,398.56,500000,Form_3350_8-22.pdf,2022-08-01
amam,easy_term,NE,42,female,0,30,100000,100000,standard_nt,,60,0.094,49.64,100000,Form_3350_8-22.pdf,2022-08-01
amam,easy_term,NE,42,female,0,30,150000,150000,standard_nt,,60,0.094,71.63,150000,Form_3350_8-22.pdf,2022-08-01
amam,easy_term,NE,42,female,0,30,200000,200000,standard_nt,,60,0.094,93.63,200000,Form_3350_8-22.pdf,2022-08-01
amam,easy_term,NE,42,female,0,30,250000,250000,standard_nt,,60,0.094,115.62,250000,Form_3350_8-22.pdf,2022-08-01
amam,easy_term,NE,42,female,0,30,300000,300000,standard_nt,,60,0.094,137.62,300000,Form_3350_8-22.pdf,2022-08-01
amam,easy_term,NE,42,female,0,30,400000,400000,standard_nt,,60,0.094,181.61,400000,Form_3350_8-22.pdf,2022-08-01
amam,easy_term,NE,42,female,0,30,500000,500000,standard_nt,,60,0.094,225.60,500000,Form_3350_8-22.pdf,2022-08-01
amam,easy_term,NE,42,female,1,30,100000,100000,standard_t,,60,0.094,90.34,100000,Form_3350_8-22.pdf,2022-08-01
amam,easy_term,NE,42,female,1,30,150000,150000,standard_t,,60,0.094,132.69,150000,Form_3350_8-22.pdf,2022-08-01
amam,easy_term,NE,42,female,1,30,200000,200000,standard_t,,60,0.094,175.03,200000,Form_3350_8-22.pdf,2022-08-01
amam,easy_term,NE,42,female,1,30,250000,250000,standard_t,,60,0.094,217.38,250000,Form_3350_8-22.pdf,2022-08-01
amam,easy_term,NE,42,female,1,30,300000,300000,standard_t,,60,0.094,259.73,300000,Form_3350_8-22.pdf,2022-08-01
amam,easy_term,NE,42,female,1,30,400000,400000,standard_t,,60,0.094,344.42,400000,Form_3350_8-22.pdf,2022-08-01
amam,easy_term,NE,42,female,1,30,500000,500000,standard_t,,60,0.094,429.11,500000,Form_3350_8-22.pdf,2022-08-01
amam,easy_term,NE,43,female,0,30,100000,100000,standard_nt,,60,0.094,52.36,100000,Form_3350_8-22.pdf,2022-08-01
amam,easy_term,NE,43,female,0,30,150000,150000,standard_nt,,60,0.094,75.72,150000,Form_3350_8-22.pdf,2022-08-01
amam,easy_term,NE,43,female,0,30,200000,200000,standard_nt,,60,0.094,99.08,200000,Form_3350_8-22.pdf,2022-08-01
amam,easy_term,NE,43,female,0,30,250000,250000,standard_nt,,60,0.094,122.44,250000,Form_3350_8-22.pdf,2022-08-01
amam,easy_term,NE,43,female,0,30,300000,300000,standard_nt,,60,0.094,145.80,300000,Form_3350_8-22.pdf,2022-08-01
amam,easy_term,NE,43,female,0,30,400000,400000,standard_nt,,60,0.094,192.52,400000,Form_3350_8-22.pdf,2022-08-01
amam,easy_term,NE,43,female,0,30,500000,500000,standard_nt,,60,0.094,239.23,500000,Form_3350_8-22.pdf,2022-08-01
amam,easy_term,NE,43,female,1,30,100000,100000,standard_t,,60,0.094,97.11,100000,Form_3350_8-22.pdf,2022-08-01
amam,easy_term,NE,43,female,1,30,150000,150000,standard_t,,60,0.094,142.84,150000,Form_3350_8-22.pdf,2022-08-01
amam,easy_term,NE,43,female,1,30,200000,200000,standard_t,,60,0.094,188.57,200000,Form_3350_8-22.pdf,2022-08-01
amam,easy_term,NE,43,female,1,30,250000,250000,standard_t,,60,0.094,234.30,250000,Form_3350_8-22.pdf,2022-08-01
amam,easy_term,NE,43,female,1,30,300000,300000,standard_t,,60,0.094,280.03,300000,Form_3350_8-22.pdf,2022-08-01
amam,easy_term,NE,43,female,1,30,400000,400000,standard_t,,60,0.094,371.49,400000,Form_3350_8-22.pdf,2022-08-01
amam,easy_term,NE,43,female,1,30,500000,500000,standard_t,,60,0.094,462.95,500000,Form_3350_8-22.pdf,2022-08-01
amam,easy_term,NE,44,female,0,30,100000,100000,standard_nt,,60,0.094,55.28,100000,Form_3350_8-22.pdf,2022-08-01
amam,easy_term,NE,44,female,0,30,150000,150000,standard_nt,,60,0.094,80.09,150000,Form_3350_8-22.pdf,2022-08-01
amam,easy_term,NE,44,female,0,30,200000,200000,standard_nt,,60,0.094,104.91,200000,Form_3350_8-22.pdf,2022-08-01
amam,easy_term,NE,44,female,0,30,250000,250000,standard_nt,,60,0.094,129.72,250000,Form_3350_8-22.pdf,2022-08-01
amam,easy_term,NE,44,female,0,30,300000,300000,standard_nt,,60,0.094,154.54,300000,Form_3350_8-22.pdf,2022-08-01
amam,easy_term,NE,44,female,0,30,400000,400000,standard_nt,,60,0.094,204.17,400000,Form_3350_8-22.pdf,2022-08-01
amam,easy_term,NE,44,female,0,30,500000,500000,standard_nt,,60,0.094,253.80,500000,Form_3350_8-22.pdf,2022-08-01
amam,easy_term,NE,44,female,1,30,100000,100000,standard_t,,60,0.094,104.44,100000,Form_3350_8-22.pdf,2022-08-01
amam,easy_term,NE,44,female,1,30,150000,150000,standard_t,,60,0.094,153.84,150000,Form_3350_8-22.pdf,2022-08-01
amam,easy_term,NE,44,female,1,30,200000,200000,standard_t,,60,0.094,203.23,200000,Form_3350_8-22.pdf,2022-08-01
amam,easy_term,NE,44,female,1,30,250000,250000,standard_t,,60,0.094,252.63,250000,Form_3350_8-22.pdf,2022-08-01
amam,easy_term,NE,44,female,1,30,300000,300000,standard_t,,60,0.094,302.03,300000,Form_3350_8-22.pdf,2022-08-01
amam,easy_term,NE,44,female,1,30,400000,400000,standard_t,,60,0.094,400.82,400000,Form_3350_8-22.pdf,2022-08-01
amam,easy_term,NE,44,female,1,30,500000,500000,standard_t,,60,0.094,499.61,500000,Form_3350_8-22.pdf,2022-08-01
amam,easy_term,NE,45,female,0,30,100000,100000,standard_nt,,60,0.094,58.47,100000,Form_3350_8-22.pdf,2022-08-01
amam,easy_term,NE,45,female,0,30,150000,150000,standard_nt,,60,0.094,84.89,150000,Form_3350_8-22.pdf,2022-08-01
amam,easy_term,NE,45,female,0,30,200000,200000,standard_nt,,60,0.094,111.30,200000,Form_3350_8-22.pdf,2022-08-01
amam,easy_term,NE,45,female,0,30,250000,250000,standard_nt,,60,0.094,137.71,250000,Form_3350_8-22.pdf,2022-08-01
amam,easy_term,NE,45,female,0,30,300000,300000,standard_nt,,60,0.094,164.13,300000,Form_3350_8-22.pdf,2022-08-01
amam,easy_term,NE,45,female,0,30,400000,400000,standard_nt,,60,0.094,216.96,400000,Form_3350_8-22.pdf,2022-08-01
amam,easy_term,NE,45,female,0,30,500000,500000,standard_nt,,60,0.094,269.78,500000,Form_3350_8-22.pdf,2022-08-01
amam,easy_term,NE,45,female,1,30,100000,100000,standard_t,,60,0.094,112.15,100000,Form_3350_8-22.pdf,2022-08-01
amam,easy_term,NE,45,female,1,30,150000,150000,standard_t,,60,0.094,165.40,150000,Form_3350_8-22.pdf,2022-08-01
amam,easy_term,NE,45,female,1,30,200000,200000,standard_t,,60,0.094,218.65,200000,Form_3350_8-22.pdf,2022-08-01
amam,easy_term,NE,45,female,1,30,250000,250000,standard_t,,60,0.094,271.90,250000,Form_3350_8-22.pdf,2022-08-01
amam,easy_term,NE,45,female,1,30,300000,300000,standard_t,,60,0.094,325.15,300000,Form_3350_8-22.pdf,2022-08-01
amam,easy_term,NE,45,female,1,30,400000,400000,standard_t,,60,0.094,431.65,400000,Form_3350_8-22.pdf,2022-08-01
amam,easy_term,NE,45,female,1,30,500000,500000,standard_t,,60,0.094,538.15,500000,Form_3350_8-22.pdf,2022-08-01
amam,easy_term,NE,46,female,0,30,100000,100000,standard_nt,,60,0.094,62.42,100000,Form_3350_8-22.pdf,2022-08-01
amam,easy_term,NE,46,female,0,30,150000,150000,standard_nt,,60,0.094,90.81,150000,Form_3350_8-22.pdf,2022-08-01
amam,easy_term,NE,46,female,0,30,200000,200000,standard_nt,,60,0.094,119.20,200000,Form_3350_8-22.pdf,2022-08-01
amam,easy_term,NE,46,female,0,30,250000,250000,standard_nt,,60,0.094,147.58,250000,Form_3350_8-22.pdf,2022-08-01
amam,easy_term,NE,46,female,0,30,300000,300000,standard_nt,,60,0.094,175.97,300000,Form_3350_8-22.pdf,2022-08-01
amam,easy_term,NE,46,female,1,30,100000,100000,standard_t,,60,0.094,119.76,100000,Form_3350_8-22.pdf,2022-08-01
amam,easy_term,NE,46,female,1,30,150000,150000,standard_t,,60,0.094,176.82,150000,Form_3350_8-22.pdf,2022-08-01
amam,easy_term,NE,46,female,1,30,200000,200000,standard_t,,60,0.094,233.88,200000,Form_3350_8-22.pdf,2022-08-01
amam,easy_term,NE,46,female,1,30,250000,250000,standard_t,,60,0.094,290.93,250000,Form_3350_8-22.pdf,2022-08-01
amam,easy_term,NE,46,female,1,30,300000,300000,standard_t,,60,0.094,347.99,300000,Form_3350_8-22.pdf,2022-08-01
amam,easy_term,NE,47,female,0,30,100000,100000,standard_nt,,60,0.094,66.56,100000,Form_3350_8-22.pdf,2022-08-01
amam,easy_term,NE,47,female,0,30,150000,150000,standard_nt,,60,0.094,97.01,150000,Form_3350_8-22.pdf,2022-08-01
amam,easy_term,NE,47,female,0,30,200000,200000,standard_nt,,60,0.094,127.47,200000,Form_3350_8-22.pdf,2022-08-01
amam,easy_term,NE,47,female,0,30,250000,250000,standard_nt,,60,0.094,157.92,250000,Form_3350_8-22.pdf,2022-08-01
amam,easy_term,NE,47,female,0,30,300000,300000,standard_nt,,60,0.094,188.38,300000,Form_3350_8-22.pdf,2022-08-01
amam,easy_term,NE,47,female,1,30,100000,100000,standard_t,,60,0.094,128.31,100000,Form_3350_8-22.pdf,2022-08-01
amam,easy_term,NE,47,female,1,30,150000,150000,standard_t,,60,0.094,189.65,150000,Form_3350_8-22.pdf,2022-08-01
amam,easy_term,NE,47,female,1,30,200000,200000,standard_t,,60,0.094,250.98,200000,Form_3350_8-22.pdf,2022-08-01
amam,easy_term,NE,47,female,1,30,250000,250000,standard_t,,60,0.094,312.32,250000,Form_3350_8-22.pdf,2022-08-01
amam,easy_term,NE,47,female,1,30,300000,300000,standard_t,,60,0.094,373.65,300000,Form_3350_8-22.pdf,2022-08-01
amam,easy_term,NE,48,female,0,30,100000,100000,standard_nt,,60,0.094,71.16,100000,Form_3350_8-22.pdf,2022-08-01
amam,easy_term,NE,48,female,0,30,150000,150000,standard_nt,,60,0.094,103.92,150000,Form_3350_8-22.pdf,2022-08-01
amam,easy_term,NE,48,female,0,30,200000,200000,standard_nt,,60,0.094,136.68,200000,Form_3350_8-22.pdf,2022-08-01
amam,easy_term,NE,48,female,0,30,250000,250000,standard_nt,,60,0.094,169.44,250000,Form_3350_8-22.pdf,2022-08-01
amam,easy_term,NE,48,female,0,30,300000,300000,standard_nt,,60,0.094,202.20,300000,Form_3350_8-22.pdf,2022-08-01
amam,easy_term,NE,48,female,1,30,100000,100000,standard_t,,60,0.094,136.96,100000,Form_3350_8-22.pdf,2022-08-01
amam,easy_term,NE,48,female,1,30,150000,150000,standard_t,,60,0.094,202.62,150000,Form_3350_8-22.pdf,2022-08-01
amam,easy_term,NE,48,female,1,30,200000,200000,standard_t,,60,0.094,268.28,200000,Form_3350_8-22.pdf,2022-08-01
amam,easy_term,NE,48,female,1,30,250000,250000,standard_t,,60,0.094,333.94,250000,Form_3350_8-22.pdf,2022-08-01
amam,easy_term,NE,48,female,1,30,300000,300000,standard_t,,60,0.094,399.60,300000,Form_3350_8-22.pdf,2022-08-01
amam,easy_term,NE,49,female,0,30,100000,100000,standard_nt,,60,0.094,76.24,100000,Form_3350_8-22.pdf,2022-08-01
amam,easy_term,NE,49,female,0,30,150000,150000,standard_nt,,60,0.094,111.54,150000,Form_3350_8-22.pdf,2022-08-01
amam,easy_term,NE,49,female,0,30,200000,200000,standard_nt,,60,0.094,146.83,200000,Form_3350_8-22.pdf,2022-08-01
amam,easy_term,NE,49,female,0,30,250000,250000,standard_nt,,60,0.094,182.13,250000,Form_3350_8-22.pdf,2022-08-01
amam,easy_term,NE,49,female,0,30,300000,300000,standard_nt,,60,0.094,217.43,300000,Form_3350_8-22.pdf,2022-08-01
amam,easy_term,NE,49,female,1,30,100000,100000,standard_t,,60,0.094,146.64,100000,Form_3350_8-22.pdf,2022-08-01
amam,easy_term,NE,49,female,1,30,150000,150000,standard_t,,60,0.094,217.14,150000,Form_3350_8-22.pdf,2022-08-01
amam,easy_term,NE,49,female,1,30,200000,200000,standard_t,,60,0.094,287.64,200000,Form_3350_8-22.pdf,2022-08-01
amam,easy_term,NE,49,female,1,30,250000,250000,standard_t,,60,0.094,358.14,250000,Form_3350_8-22.pdf,2022-08-01
amam,easy_term,NE,49,female,1,30,300000,300000,standard_t,,60,0.094,428.64,300000,Form_3350_8-22.pdf,2022-08-01
amam,easy_term,NE,50,female,0,30,100000,100000,standard_nt,,60,0.094,81.69,100000,Form_3350_8-22.pdf,2022-08-01
amam,easy_term,NE,50,female,0,30,150000,150000,standard_nt,,60,0.094,119.71,150000,Form_3350_8-22.pdf,2022-08-01
amam,easy_term,NE,50,female,0,30,200000,200000,standard_nt,,60,0.094,157.74,200000,Form_3350_8-22.pdf,2022-08-01
amam,easy_term,NE,50,female,0,30,250000,250000,standard_nt,,60,0.094,195.76,250000,Form_3350_8-22.pdf,2022-08-01
amam,easy_term,NE,50,female,0,30,300000,300000,standard_nt,,60,0.094,233.78,300000,Form_3350_8-22.pdf,2022-08-01
amam,easy_term,NE,50,female,1,30,100000,100000,standard_t,,60,0.094,157.08,100000,Form_3350_8-22.pdf,2022-08-01
amam,easy_term,NE,50,female,1,30,150000,150000,standard_t,,60,0.094,232.80,150000,Form_3350_8-22.pdf,2022-08-01
amam,easy_term,NE,50,female,1,30,200000,200000,standard_t,,60,0.094,308.51,200000,Form_3350_8-22.pdf,2022-08-01
amam,easy_term,NE,50,female,1,30,250000,250000,standard_t,,60,0.094,384.23,250000,Form_3350_8-22.pdf,2022-08-01
amam,easy_term,NE,50,female,1,30,300000,300000,standard_t,,60,0.094,459.95,300000,Form_3350_8-22.pdf,2022-08-01
amam,easy_term,NE,51,female,0,30,100000,100000,standard_nt,,60,0.094,94.47,100000,Form_3350_8-22.pdf,2022-08-01
amam,easy_term,NE,51,female,0,30,150000,150000,standard_nt,,60,0.094,138.89,150000,Form_3350_8-22.pdf,2022-08-01
amam,easy_term,NE,51,female,0,30,200000,200000,standard_nt,,60,0.094,183.30,200000,Form_3350_8-22.pdf,2022-08-01
amam,easy_term,NE,51,female,0,30,250000,250000,standard_nt,,60,0.094,227.72,250000,Form_3350_8-22.pdf,2022-08-01
amam,easy_term,NE,51,female,0,30,300000,300000,standard_nt,,60,0.094,272.13,300000,Form_3350_8-22.pdf,2022-08-01
amam,easy_term,NE,51,female,1,30,100000,100000,standard_t,,60,0.094,183.96,100000,Form_3350_8-22.pdf,2022-08-01
amam,easy_term,NE,51,female,1,30,150000,150000,standard_t,,60,0.094,273.12,150000,Form_3350_8-22.pdf,2022-08-01
amam,easy_term,NE,51,female,1,30,200000,200000,standard_t,,60,0.094,362.28,200000,Form_3350_8-22.pdf,2022-08-01
amam,easy_term,NE,51,female,1,30,250000,250000,standard_t,,60,0.094,451.44,250000,Form_3350_8-22.pdf,2022-08-01
amam,easy_term,NE,51,female,1,30,300000,300000,standard_t,,60,0.094,540.60,300000,Form_3350_8-22.pdf,2022-08-01
amam,easy_term,NE,52,female,0,30,100000,100000,standard_nt,,60,0.094,109.51,100000,Form_3350_8-22.pdf,2022-08-01
amam,easy_term,NE,52,female,0,30,150000,150000,standard_nt,,60,0.094,161.45,150000,Form_3350_8-22.pdf,2022-08-01
amam,easy_term,NE,52,female,0,30,200000,200000,standard_nt,,60,0.094,213.38,200000,Form_3350_8-22.pdf,2022-08-01
amam,easy_term,NE,52,female,0,30,250000,250000,standard_nt,,60,0.094,265.32,250000,Form_3350_8-22.pdf,2022-08-01
amam,easy_term,NE,52,female,0,30,300000,300000,standard_nt,,60,0.094,317.25,300000,Form_3350_8-22.pdf,2022-08-01
amam,easy_term,NE,52,female,1,30,100000,100000,standard_t,,60,0.094,216.20,100000,Form_3350_8-22.pdf,2022-08-01
amam,easy_term,NE,52,female,1,30,150000,150000,standard_t,,60,0.094,321.48,150000,Form_3350_8-22.pdf,2022-08-01
amam,easy_term,NE,52,female,1,30,200000,200000,standard_t,,60,0.094,426.76,200000,Form_3350_8-22.pdf,2022-08-01
amam,easy_term,NE,52,female,1,30,250000,250000,standard_t,,60,0.094,532.04,250000,Form_3350_8-22.pdf,2022-08-01
amam,easy_term,NE,52,female,1,30,300000,300000,standard_t,,60,0.094,637.32,300000,Form_3350_8-22.pdf,2022-08-01
amam,easy_term,NE,53,female,0,30,100000,100000,standard_nt,,60,0.094,127.19,100000,Form_3350_8-22.pdf,2022-08-01
amam,easy_term,NE,53,female,0,30,150000,150000,standard_nt,,60,0.094,187.96,150000,Form_3350_8-22.pdf,2022-08-01
amam,easy_term,NE,53,female,0,30,200000,200000,standard_nt,,60,0.094,248.73,200000,Form_3350_8-22.pdf,2022-08-01
amam,easy_term,NE,53,female,0,30,250000,250000,standard_nt,,60,0.094,309.50,250000,Form_3350_8-22.pdf,2022-08-01
amam,easy_term,NE,53,female,0,30,300000,300000,standard_nt,,60,0.094,370.27,300000,Form_3350_8-22.pdf,2022-08-01
amam,easy_term,NE,53,female,1,30,100000,100000,standard_t,,60,0.094,254.37,100000,Form_3350_8-22.pdf,2022-08-01
amam,easy_term,NE,53,female,1,30,150000,150000,standard_t,,60,0.094,378.73,150000,Form_3350_8-22.pdf,2022-08-01
amam,easy_term,NE,53,female,1,30,200000,200000,standard_t,,60,0.094,503.09,200000,Form_3350_8-22.pdf,2022-08-01
amam,easy_term,NE,53,female,1,30,250000,250000,standard_t,,60,0.094,627.45,250000,Form_3350_8-22.pdf,2022-08-01
amam,easy_term,NE,53,female,1,30,300000,300000,standard_t,,60,0.094,751.82,300000,Form_3350_8-22.pdf,2022-08-01
amam,easy_term,NE,54,female,0,30,100000,100000,standard_nt,,60,0.094,147.96,100000,Form_3350_8-22.pdf,2022-08-01
amam,easy_term,NE,54,female,0,30,150000,150000,standard_nt,,60,0.094,219.12,150000,Form_3350_8-22.pdf,2022-08-01
amam,easy_term,NE,54,female,0,30,200000,200000,standard_nt,,60,0.094,290.28,200000,Form_3350_8-22.pdf,2022-08-01
amam,easy_term,NE,54,female,0,30,250000,250000,standard_nt,,60,0.094,361.43,250000,Form_3350_8-22.pdf,2022-08-01
amam,easy_term,NE,54,female,0,30,300000,300000,standard_nt,,60,0.094,432.59,300000,Form_3350_8-22.pdf,2022-08-01
amam,easy_term,NE,54,female,1,30,100000,100000,standard_t,,60,0.094,299.39,100000,Form_3350_8-22.pdf,2022-08-01
amam,easy_term,NE,54,female,1,30,150000,150000,standard_t,,60,0.094,446.27,150000,Form_3350_8-22.pdf,2022-08-01
amam,easy_term,NE,54,female,1,30,200000,200000,standard_t,,60,0.094,593.14,200000,Form_3350_8-22.pdf,2022-08-01
amam,easy_term,NE,54,female,1,30,250000,250000,standard_t,,60,0.094,740.02,250000,Form_3350_8-22.pdf,2022-08-01
amam,easy_term,NE,54,female,1,30,300000,300000,standard_t,,60,0.094,886.89,300000,Form_3350_8-22.pdf,2022-08-01
amam,easy_term,NE,55,female,0,30,100000,100000,standard_nt,,60,0.094,172.59,100000,Form_3350_8-22.pdf,2022-08-01
amam,easy_term,NE,55,female,0,30,150000,150000,standard_nt,,60,0.094,256.06,150000,Form_3350_8-22.pdf,2022-08-01
amam,easy_term,NE,55,female,0,30,200000,200000,standard_nt,,60,0.094,339.53,200000,Form_3350_8-22.pdf,2022-08-01
amam,easy_term,NE,55,female,0,30,250000,250000,standard_nt,,60,0.094,423.00,250000,Form_3350_8-22.pdf,2022-08-01
amam,easy_term,NE,55,female,0,30,300000,300000,standard_nt,,60,0.094,506.48,300000,Form_3350_8-22.pdf,2022-08-01
amam,easy_term,NE,55,female,1,30,100000,100000,standard_t,,60,0.094,352.97,100000,Form_3350_8-22.pdf,2022-08-01
amam,easy_term,NE,55,female,1,30,150000,150000,standard_t,,60,0.094,526.64,150000,Form_3350_8-22.pdf,2022-08-01
amam,easy_term,NE,55,female,1,30,200000,200000,standard_t,,60,0.094,700.30,200000,Form_3350_8-22.pdf,2022-08-01
amam,easy_term,NE,55,female,1,30,250000,250000,standard_t,,60,0.094,873.97,250000,Form_3350_8-22.pdf,2022-08-01
amam,easy_term,NE,55,female,1,30,300000,300000,standard_t,,60,0.094,1047.63,300000,Form_3350_8-22.pdf,2022-08-01
amam,easy_term,NE,18,male,0,10,100000,100000,standard_nt,,60,0.094,20.78,100000,Form_3350_8-22.pdf,2022-08-01
amam,easy_term,NE,18,male,0,10,150000,150000,standard_nt,,60,0.094,28.35,150000,Form_3350_8-22.pdf,2022-08-01
amam,easy_term,NE,18,male,0,10,200000,200000,standard_nt,,60,0.094,35.91,200000,Form_3350_8-22.pdf,2022-08-01
amam,easy_term,NE,18,male,0,10,250000,250000,standard_nt,,60,0.094,43.48,250000,Form_3350_8-22.pdf,2022-08-01
amam,easy_term,NE,18,male,0,10,300000,300000,standard_nt,,60,0.094,51.05,300000,Form_3350_8-22.pdf,2022-08-01
amam,easy_term,NE,18,male,0,10,400000,400000,standard_nt,,60,0.094,66.18,400000,Form_3350_8-22.pdf,2022-08-01
amam,easy_term,NE,18,male,0,10,500000,500000,standard_nt,,60,0.094,81.31,500000,Form_3350_8-22.pdf,2022-08-01
amam,easy_term,NE,18,male,1,10,100000,100000,standard_t,,60,0.094,34.97,100000,Form_3350_8-22.pdf,2022-08-01
amam,easy_term,NE,18,male,1,10,150000,150000,standard_t,,60,0.094,49.64,150000,Form_3350_8-22.pdf,2022-08-01
amam,easy_term,NE,18,male,1,10,200000,200000,standard_t,,60,0.094,64.30,200000,Form_3350_8-22.pdf,2022-08-01
amam,easy_term,NE,18,male,1,10,250000,250000,standard_t,,60,0.094,78.96,250000,Form_3350_8-22.pdf,2022-08-01
amam,easy_term,NE,18,male,1,10,300000,300000,standard_t,,60,0.094,93.63,300000,Form_3350_8-22.pdf,2022-08-01
amam,easy_term,NE,18,male,1,10,400000,400000,standard_t,,60,0.094,122.96,400000,Form_3350_8-22.pdf,2022-08-01
amam,easy_term,NE,18,male,1,10,500000,500000,standard_t,,60,0.094,152.28,500000,Form_3350_8-22.pdf,2022-08-01
amam,easy_term,NE,19,male,0,10,100000,100000,standard_nt,,60,0.094,20.87,100000,Form_3350_8-22.pdf,2022-08-01
amam,easy_term,NE,19,male,0,10,150000,150000,standard_nt,,60,0.094,28.49,150000,Form_3350_8-22.pdf,2022-08-01
amam,easy_term,NE,19,male,0,10,200000,200000,standard_nt,,60,0.094,36.10,200000,Form_3350_8-22.pdf,2022-08-01
amam,easy_term,NE,19,male,0,10,250000,250000,standard_nt,,60,0.094,43.71,250000,Form_3350_8-22.pdf,2022-08-01
amam,easy_term,NE,19,male,0,10,300000,300000,standard_nt,,60,0.094,51.33,300000,Form_3350_8-22.pdf,2022-08-01
amam,easy_term,NE,19,male,0,10,400000,400000,standard_nt,,60,0.094,66.56,400000,Form_3350_8-22.pdf,2022-08-01
amam,easy_term,NE,19,male,0,10,500000,500000,standard_nt,,60,0.094,81.78,500000,Form_3350_8-22.pdf,2022-08-01
amam,easy_term,NE,19,male,1,10,100000,100000,standard_t,,60,0.094,35.07,100000,Form_3350_8-22.pdf,2022-08-01
amam,easy_term,NE,19,male,1,10,150000,150000,standard_t,,60,0.094,49.78,150000,Form_3350_8-22.pdf,2022-08-01
amam,easy_term,NE,19,male,1,10,200000,200000,standard_t,,60,0.094,64.49,200000,Form_3350_8-22.pdf,2022-08-01
amam,easy_term,NE,19,male,1,10,250000,250000,standard_t,,60,0.094,79.20,250000,Form_3350_8-22.pdf,2022-08-01
amam,easy_term,NE,19,male,1,10,300000,300000,standard_t,,60,0.094,93.91,300000,Form_3350_8-22.pdf,2022-08-01
amam,easy_term,NE,19,male,1,10,400000,400000,standard_t,,60,0.094,123.33,400000,Form_3350_8-22.pdf,2022-08-01
amam,easy_term,NE,19,male,1,10,500000,500000,standard_t,,60,0.094,152.75,500000,Form_3350_8-22.pdf,2022-08-01
amam,easy_term,NE,20,male,0,10,100000,100000,standard_nt,,60,0.094,20.97,100000,Form_3350_8-22.pdf,2022-08-01
amam,easy_term,NE,20,male,0,10,150000,150000,standard_nt,,60,0.094,28.63,150000,Form_3350_8-22.pdf,2022-08-01
amam,easy_term,NE,20,male,0,10,200000,200000,standard_nt,,60,0.094,36.29,200000,Form_3350_8-22.pdf,2022-08-01
amam,easy_term,NE,20,male,0,10,250000,250000,standard_nt,,60,0.094,43.95,250000,Form_3350_8-22.pdf,2022-08-01
amam,easy_term,NE,20,male,0,10,300000,300000,standard_nt,,60,0.094,51.61,300000,Form_3350_8-22.pdf,2022-08-01
amam,easy_term,NE,20,male,0,10,400000,400000,standard_nt,,60,0.094,66.93,400000,Form_3350_8-22.pdf,2022-08-01
amam,easy_term,NE,20,male,0,10,500000,500000,standard_nt,,60,0.094,82.25,500000,Form_3350_8-22.pdf,2022-08-01
amam,easy_term,NE,20,male,1,10,100000,100000,standard_t,,60,0.094,35.16,100000,Form_3350_8-22.pdf,2022-08-01
amam,easy_term,NE,20,male,1,10,150000,150000,standard_t,,60,0.094,49.92,150000,Form_3350_8-22.pdf,2022-08-01
amam,easy_term,NE,20,male,1,10,200000,200000,standard_t,,60,0.094,64.68,200000,Form_3350_8-22.pdf,2022-08-01
amam,easy_term,NE,20,male,1,10,250000,250000,standard_t,,60,0.094,79.43,250000,Form_3350_8-22.pdf,2022-08-01
amam,easy_term,NE,20,male,1,10,300000,300000,standard_t,,60,0.094,94.19,300000,Form_3350_8-22.pdf,2022-08-01
amam,easy_term,NE,20,male,1,10,400000,400000,standard_t,,60,0.094,123.71,400000,Form_3350_8-22.pdf,2022-08-01
amam,easy_term,NE,20,male,1,10,500000,500000,standard_t,,60,0.094,153.22,500000,Form_3350_8-22.pdf,2022-08-01
amam,easy_term,NE,21,male,0,10,100000,100000,standard_nt,,60,0.094,21.06,100000,Form_3350_8-22.pdf,2022-08-01
amam,easy_term,NE,21,male,0,10,150000,150000,standard_nt,,60,0.094,28.77,150000,Form_3350_8-22.pdf,2022-08-01
amam,easy_term,NE,21,male,0,10,200000,200000,standard_nt,,60,0.094,36.48,200000,Form_3350_8-22.pdf,2022-08-01
amam,easy_term,NE,21,male,0,10,250000,250000,standard_nt,,60,0.094,44.18,250000,Form_3350_8-22.pdf,2022-08-01
amam,easy_term,NE,21,male,0,10,300000,300000,standard_nt,,60,0.094,51.89,300000,Form_3350_8-22.pdf,2022-08-01
amam,easy_term,NE,21,male,0,10,400000,400000,standard_nt,,60,0.094,67.31,400000,Form_3350_8-22.pdf,2022-08-01
amam,easy_term,NE,21,male,0,10,500000,500000,standard_nt,,60,0.094,82.72,500000,Form_3350_8-22.pdf,2022-08-01
amam,easy_term,NE,21,male,1,10,100000,100000,standard_t,,60,0.094,35.25,100000,Form_3350_8-22.pdf,2022-08-01
amam,easy_term,NE,21,male,1,10,150000,150000,standard_t,,60,0.094,50.06,150000,Form_3350_8-22.pdf,2022-08-01
amam,easy_term,NE,21,male,1,10,200000,200000,standard_t,,60,0.094,64.86,200000,Form_3350_8-22.pdf,2022-08-01
amam,easy_term,NE,21,male,1,10,250000,250000,standard_t,,60,0.094,79.67,250000,Form_3350_8-22.pdf,2022-08-01
amam,easy_term,NE,21,male,1,10,300000,300000,standard_t,,60,0.094,94.47,300000,Form_3350_8-22.pdf,2022-08-01
amam,easy_term,NE,21,male,1,10,400000,400000,standard_t,,60,0.094,124.08,400000,Form_3350_8-22.pdf,2022-08-01
amam,easy_term,NE,21,male,1,10,500000,500000,standard_t,,60,0.094,153.69,500000,Form_3350_8-22.pdf,2022-08-01
amam,easy_term,NE,22,male,0,10,100000,100000,standard_nt,,60,0.094,21.15,100000,Form_3350_8-22.pdf,2022-08-01
amam,easy_term,NE,22,male,0,10,150000,150000,standard_nt,,60,0.094,28.91,150000,Form_3350_8-22.pdf,2022-08-01
amam,easy_term,NE,22,male,0,10,200000,200000,standard_nt,,60,0.094,36.66,200000,Form_3350_8-22.pdf,2022-08-01
amam,easy_term,NE,22,male,0,10,250000,250000,standard_nt,,60,0.094,44.42,250000,Form_3350_8-22.pdf,2022-08-01
amam,easy_term,NE,22,male,0,10,300000,300000,standard_nt,,60,0.094,52.17,300000,Form_3350_8-22.pdf,2022-08-01
amam,easy_term,NE,22,male,0,10,400000,400000,standard_nt,,60,0.094,67.68,400000,Form_3350_8-22.pdf,2022-08-01
amam,easy_term,NE,22,male,0,10,500000,500000,standard_nt,,60,0.094,83.19,500000,Form_3350_8-22.pdf,2022-08-01
amam,easy_term,NE,22,male,1,10,100000,100000,standard_t,,60,0.094,35.35,100000,Form_3350_8-22.pdf,2022-08-01
amam,easy_term,NE,22,male,1,10,150000,150000,standard_t,,60,0.094,50.20,150000,Form_3350_8-22.pdf,2022-08-01
amam,easy_term,NE,22,male,1,10,200000,200000,standard_t,,60,0.094,65.05,200000,Form_3350_8-22.pdf,2022-08-01
amam,easy_term,NE,22,male,1,10,250000,250000,standard_t,,60,0.094,79.90,250000,Form_3350_8-22.pdf,2022-08-01
amam,easy_term,NE,22,male,1,10,300000,300000,standard_t,,60,0.094,94.76,300000,Form_3350_8-22.pdf,2022-08-01
amam,easy_term,NE,22,male,1,10,400000,400000,standard_t,,60,0.094,124.46,400000,Form_3350_8-22.pdf,2022-08-01
amam,easy_term,NE,22,male,1,10,500000,500000,standard_t,,60,0.094,154.16,500000,Form_3350_8-22.pdf,2022-08-01
amam,easy_term,NE,23,male,0,10,100000,100000,standard_nt,,60,0.094,21.25,100000,Form_3350_8-22.pdf,2022-08-01
amam,easy_term,NE,23,male,0,10,150000,150000,standard_nt,,60,0.094,29.05,150000,Form_3350_8-22.pdf,2022-08-01
amam,easy_term,NE,23,male,0,10,200000,200000,standard_nt,,60,0.094,36.85,200000,Form_3350_8-22.pdf,2022-08-01
amam,easy_term,NE,23,male,0,10,250000,250000,standard_nt,,60,0.094,44.65,250000,Form_3350_8-22.pdf,2022-08-01
amam,easy_term,NE,23,male,0,10,300000,300000,standard_nt,,60,0.094,52.46,300000,Form_3350_8-22.pdf,2022-08-01
amam,easy_term,NE,23,male,0,10,400000,400000,standard_nt,,60,0.094,68.06,400000,Form_3350_8-22.pdf,2022-08-01
amam,easy_term,NE,23,male,0,10,500000,500000,standard_nt,,60,0.094,83.66,500000,Form_3350_8-22.pdf,2022-08-01
amam,easy_term,NE,23,male,1,10,100000,100000,standard_t,,60,0.094,35.44,100000,Form_3350_8-22.pdf,2022-08-01
amam,easy_term,NE,23,male,1,10,150000,150000,standard_t,,60,0.094,50.34,150000,Form_3350_8-22.pdf,2022-08-01
amam,easy_term,NE,23,male,1,10,200000,200000,standard_t,,60,0.094,65.24,200000,Form_3350_8-22.pdf,2022-08-01
amam,easy_term,NE,23,male,1,10,250000,250000,standard_t,,60,0.094,80.14,250000,Form_3350_8-22.pdf,2022-08-01
amam,easy_term,NE,23,male,1,10,300000,300000,standard_t,,60,0.094,95.04,300000,Form_3350_8-22.pdf,2022-08-01
amam,easy_term,NE,23,male,1,10,400000,400000,standard_t,,60,0.094,124.84,400000,Form_3350_8-22.pdf,2022-08-01
amam,easy_term,NE,23,male,1,10,500000,500000,standard_t,,60,0.094,154.63,500000,Form_3350_8-22.pdf,2022-08-01
amam,easy_term,NE,24,male,0,10,100000,100000,standard_nt,,60,0.094,21.34,100000,Form_3350_8-22.pdf,2022-08-01
amam,easy_term,NE,24,male,0,10,150000,150000,standard_nt,,60,0.094,29.19,150000,Form_3350_8-22.pdf,2022-08-01
amam,easy_term,NE,24,male,0,10,200000,200000,standard_nt,,60,0.094,37.04,200000,Form_3350_8-22.pdf,2022-08-01
amam,easy_term,NE,24,male,0,10,250000,250000,standard_nt,,60,0.094,44.89,250000,Form_3350_8-22.pdf,2022-08-01
amam,easy_term,NE,24,male,0,10,300000,300000,standard_nt,,60,0.094,52.74,300000,Form_3350_8-22.pdf,2022-08-01
amam,easy_term,NE,24,male,0,10,400000,400000,standard_nt,,60,0.094,68.44,400000,Form_3350_8-22.pdf,2022-08-01
amam,easy_term,NE,24,male,0,10,500000,500000,standard_nt,,60,0.094,84.13,500000,Form_3350_8-22.pdf,2022-08-01
amam,easy_term,NE,24,male,1,10,100000,100000,standard_t,,60,0.094,35.54,100000,Form_3350_8-22.pdf,2022-08-01
amam,easy_term,NE,24,male,1,10,150000,150000,standard_t,,60,0.094,50.48,150000,Form_3350_8-22.pdf,2022-08-01
amam,easy_term,NE,24,male,1,10,200000,200000,standard_t,,60,0.094,65.43,200000,Form_3350_8-22.pdf,2022-08-01
amam,easy_term,NE,24,male,1,10,250000,250000,standard_t,,60,0.094,80.37,250000,Form_3350_8-22.pdf,2022-08-01
amam,easy_term,NE,24,male,1,10,300000,300000,standard_t,,60,0.094,95.32,300000,Form_3350_8-22.pdf,2022-08-01
amam,easy_term,NE,24,male,1,10,400000,400000,standard_t,,60,0.094,125.21,400000,Form_3350_8-22.pdf,2022-08-01
amam,easy_term,NE,24,male,1,10,500000,500000,standard_t,,60,0.094,155.10,500000,Form_3350_8-22.pdf,2022-08-01
amam,easy_term,NE,25,male,0,10,100000,100000,standard_nt,,60,0.094,21.44,100000,Form_3350_8-22.pdf,2022-08-01
amam,easy_term,NE,25,male,0,10,150000,150000,standard_nt,,60,0.094,29.33,150000,Form_3350_8-22.pdf,2022-08-01
amam,easy_term,NE,25,male,0,10,200000,200000,standard_nt,,60,0.094,37.23,200000,Form_3350_8-22.pdf,2022-08-01
amam,easy_term,NE,25,male,0,10,250000,250000,standard_nt,,60,0.094,45.12,250000,Form_3350_8-22.pdf,2022-08-01
amam,easy_term,NE,25,male,0,10,300000,300000,standard_nt,,60,0.094,53.02,300000,Form_3350_8-22.pdf,2022-08-01
amam,easy_term,NE,25,male,0,10,400000,400000,standard_nt,,60,0.094,68.81,400000,Form_3350_8-22.pdf,2022-08-01
amam,easy_term,NE,25,male,0,10,500000,500000,standard_nt,,60,0.094,84.60,500000,Form_3350_8-22.pdf,2022-08-01
amam,easy_term,NE,25,male,1,10,100000,100000,standard_t,,60,0.094,35.63,100000,Form_3350_8-22.pdf,2022-08-01
amam,easy_term,NE,25,male,1,10,150000,150000,standard_t,,60,0.094,50.62,150000,Form_3350_8-22.pdf,2022-08-01
amam,easy_term,NE,25,male,1,10,200000,200000,standard_t,,60,0.094,65.62,200000,Form_3350_8-22.pdf,2022-08-01
amam,easy_term,NE,25,male,1,10,250000,250000,standard_t,,60,0.094,80.61,250000,Form_3350_8-22.pdf,2022-08-01
amam,easy_term,NE,25,male,1,10,300000,300000,standard_t,,60,0.094,95.60,300000,Form_3350_8-22.pdf,2022-08-01
amam,easy_term,NE,25,male,1,10,400000,400000,standard_t,,60,0.094,125.59,400000,Form_3350_8-22.pdf,2022-08-01
amam,easy_term,NE,25,male,1,10,500000,500000,standard_t,,60,0.094,155.57,500000,Form_3350_8-22.pdf,2022-08-01
amam,easy_term,NE,26,male,0,10,100000,100000,standard_nt,,60,0.094,21.53,100000,Form_3350_8-22.pdf,2022-08-01
amam,easy_term,NE,26,male,0,10,150000,150000,standard_nt,,60,0.094,29.47,150000,Form_3350_8-22.pdf,2022-08-01
amam,easy_term,NE,26,male,0,10,200000,200000,standard_nt,,60,0.094,37.42,200000,Form_3350_8-22.pdf,2022-08-01
amam,easy_term,NE,26,male,0,10,250000,250000,standard_nt,,60,0.094,45.36,250000,Form_3350_8-22.pdf,2022-08-01
amam,easy_term,NE,26,male,0,10,300000,300000,standard_nt,,60,0.094,53.30,300000,Form_3350_8-22.pdf,2022-08-01
amam,easy_term,NE,26,male,0,10,400000,400000,standard_nt,,60,0.094,69.19,400000,Form_3350_8-22.pdf,2022-08-01
amam,easy_term,NE,26,male,0,10,500000,500000,standard_nt,,60,0.094,85.07,500000,Form_3350_8-22.pdf,2022-08-01
amam,easy_term,NE,26,male,1,10,100000,100000,standard_t,,60,0.094,35.82,100000,Form_3350_8-22.pdf,2022-08-01
amam,easy_term,NE,26,male,1,10,150000,150000,standard_t,,60,0.094,50.91,150000,Form_3350_8-22.pdf,2022-08-01
amam,easy_term,NE,26,male,1,10,200000,200000,standard_t,,60,0.094,65.99,200000,Form_3350_8-22.pdf,2022-08-01
amam,easy_term,NE,26,male,1,10,250000,250000,standard_t,,60,0.094,81.08,250000,Form_3350_8-22.pdf,2022-08-01
amam,easy_term,NE,26,male,1,10,300000,300000,standard_t,,60,0.094,96.17,300000,Form_3350_8-22.pdf,2022-08-01
amam,easy_term,NE,26,male,1,10,400000,400000,standard_t,,60,0.094,126.34,400000,Form_3350_8-22.pdf,2022-08-01
amam,easy_term,NE,26,male,1,10,500000,500000,standard_t,,60,0.094,156.51,500000,Form_3350_8-22.pdf,2022-08-01
amam,easy_term,NE,27,male,0,10,100000,100000,standard_nt,,60,0.094,21.62,100000,Form_3350_8-22.pdf,2022-08-01
amam,easy_term,NE,27,male,0,10,150000,150000,standard_nt,,60,0.094,29.61,150000,Form_3350_8-22.pdf,2022-08-01
amam,easy_term,NE,27,male,0,10,200000,200000,standard_nt,,60,0.094,37.60,200000,Form_3350_8-22.pdf,2022-08-01
amam,easy_term,NE,27,male,0,10,250000,250000,standard_nt,,60,0.094,45.59,250000,Form_3350_8-22.pdf,2022-08-01
amam,easy_term,NE,27,male,0,10,300000,300000,standard_nt,,60,0.094,53.58,300000,Form_3350_8-22.pdf,2022-08-01
amam,easy_term,NE,27,male,0,10,400000,400000,standard_nt,,60,0.094,69.56,400000,Form_3350_8-22.pdf,2022-08-01
amam,easy_term,NE,27,male,0,10,500000,500000,standard_nt,,60,0.094,85.54,500000,Form_3350_8-22.pdf,2022-08-01
amam,easy_term,NE,27,male,1,10,100000,100000,standard_t,,60,0.094,36.01,100000,Form_3350_8-22.pdf,2022-08-01
amam,easy_term,NE,27,male,1,10,150000,150000,standard_t,,60,0.094,51.19,150000,Form_3350_8-22.pdf,2022-08-01
amam,easy_term,NE,27,male,1,10,200000,200000,standard_t,,60,0.094,66.37,200000,Form_3350_8-22.pdf,2022-08-01
amam,easy_term,NE,27,male,1,10,250000,250000,standard_t,,60,0.094,81.55,250000,Form_3350_8-22.pdf,2022-08-01
amam,easy_term,NE,27,male,1,10,300000,300000,standard_t,,60,0.094,96.73,300000,Form_3350_8-22.pdf,2022-08-01
amam,easy_term,NE,27,male,1,10,400000,400000,standard_t,,60,0.094,127.09,400000,Form_3350_8-22.pdf,2022-08-01
amam,easy_term,NE,27,male,1,10,500000,500000,standard_t,,60,0.094,157.45,500000,Form_3350_8-22.pdf,2022-08-01
amam,easy_term,NE,28,male,0,10,100000,100000,standard_nt,,60,0.094,21.72,100000,Form_3350_8-22.pdf,2022-08-01
amam,easy_term,NE,28,male,0,10,150000,150000,standard_nt,,60,0.094,29.76,150000,Form_3350_8-22.pdf,2022-08-01
amam,easy_term,NE,28,male,0,10,200000,200000,standard_nt,,60,0.094,37.79,200000,Form_3350_8-22.pdf,2022-08-01
amam,easy_term,NE,28,male,0,10,250000,250000,standard_nt,,60,0.094,45.83,250000,Form_3350_8-22.pdf,2022-08-01
amam,easy_term,NE,28,male,0,10,300000,300000,standard_nt,,60,0.094,53.87,300000,Form_3350_8-22.pdf,2022-08-01
amam,easy_term,NE,28,male,0,10,400000,400000,standard_nt,,60,0.094,69.94,400000,Form_3350_8-22.pdf,2022-08-01
amam,easy_term,NE,28,male,0,10,500000,500000,standard_nt,,60,0.094,86.01,500000,Form_3350_8-22.pdf,2022-08-01
amam,easy_term,NE,28,male,1,10,100000,100000,standard_t,,60,0.094,36.19,100000,Form_3350_8-22.pdf,2022-08-01
amam,easy_term,NE,28,male,1,10,150000,150000,standard_t,,60,0.094,51.47,150000,Form_3350_8-22.pdf,2022-08-01
amam,easy_term,NE,28,male,1,10,200000,200000,standard_t,,60,0.094,66.74,200000,Form_3350_8-22.pdf,2022-08-01
amam,easy_term,NE,28,male,1,10,250000,250000,standard_t,,60,0.094,82.02,250000,Form_3350_8-22.pdf,2022-08-01
amam,easy_term,NE,28,male,1,10,300000,300000,standard_t,,60,0.094,97.29,300000,Form_3350_8-22.pdf,2022-08-01
amam,easy_term,NE,28,male,1,10,400000,400000,standard_t,,60,0.094,127.84,400000,Form_3350_8-22.pdf,2022-08-01
amam,easy_term,NE,28,male,1,10,500000,500000,standard_t,,60,0.094,158.39,500000,Form_3350_8-22.pdf,2022-08-01
amam,easy_term,NE,29,male,0,10,100000,100000,standard_nt,,60,0.094,21.81,100000,Form_3350_8-22.pdf,2022-08-01
amam,easy_term,NE,29,male,0,10,150000,150000,standard_nt,,60,0.094,29.90,150000,Form_3350_8-22.pdf,2022-08-01
amam,easy_term,NE,29,male,0,10,200000,200000,standard_nt,,60,0.094,37.98,200000,Form_3350_8-22.pdf,2022-08-01
amam,easy_term,NE,29,male,0,10,250000,250000,standard_nt,,60,0.094,46.06,250000,Form_3350_8-22.pdf,2022-08-01
amam,easy_term,NE,29,male,0,10,300000,300000,standard_nt,,60,0.094,54.15,300000,Form_3350_8-22.pdf,2022-08-01
amam,easy_term,NE,29,male,0,10,400000,400000,standard_nt,,60,0.094,70.32,400000,Form_3350_8-22.pdf,2022-08-01
amam,easy_term,NE,29,male,0,10,500000,500000,standard_nt,,60,0.094,86.48,500000,Form_3350_8-22.pdf,2022-08-01
amam,easy_term,NE,29,male,1,10,100000,100000,standard_t,,60,0.094,36.48,100000,Form_3350_8-22.pdf,2022-08-01
amam,easy_term,NE,29,male,1,10,150000,150000,standard_t,,60,0.094,51.89,150000,Form_3350_8-22.pdf,2022-08-01
amam,easy_term,NE,29,male,1,10,200000,200000,standard_t,,60,0.094,67.31,200000,Form_3350_8-22.pdf,2022-08-01
amam,easy_term,NE,29,male,1,10,250000,250000,standard_t,,60,0.094,82.72,250000,Form_3350_8-22.pdf,2022-08-01
amam,easy_term,NE,29,male,1,10,300000,300000,standard_t,,60,0.094,98.14,300000,Form_3350_8-22.pdf,2022-08-01
amam,easy_term,NE,29,male,1,10,400000,400000,standard_t,,60,0.094,128.97,400000,Form_3350_8-22.pdf,2022-08-01
amam,easy_term,NE,29,male,1,10,500000,500000,standard_t,,60,0.094,159.80,500000,Form_3350_8-22.pdf,2022-08-01
amam,easy_term,NE,30,male,0,10,100000,100000,standard_nt,,60,0.094,21.91,100000,Form_3350_8-22.pdf,2022-08-01
amam,easy_term,NE,30,male,0,10,150000,150000,standard_nt,,60,0.094,30.04,150000,Form_3350_8-22.pdf,2022-08-01
amam,easy_term,NE,30,male,0,10,200000,200000,standard_nt,,60,0.094,38.17,200000,Form_3350_8-22.pdf,2022-08-01
amam,easy_term,NE,30,male,0,10,250000,250000,standard_nt,,60,0.094,46.30,250000,Form_3350_8-22.pdf,2022-08-01
amam,easy_term,NE,30,male,0,10,300000,300000,standard_nt,,60,0.094,54.43,300000,Form_3350_8-22.pdf,2022-08-01
amam,easy_term,NE,30,male,0,10,400000,400000,standard_nt,,60,0.094,70.69,400000,Form_3350_8-22.pdf,2022-08-01
amam,easy_term,NE,30,male,0,10,500000,500000,standard_nt,,60,0.094,86.95,500000,Form_3350_8-22.pdf,2022-08-01
amam,easy_term,NE,30,male,1,10,100000,100000,standard_t,,60,0.094,36.85,100000,Form_3350_8-22.pdf,2022-08-01
amam,easy_term,NE,30,male,1,10,150000,150000,standard_t,,60,0.094,52.46,150000,Form_3350_8-22.pdf,2022-08-01
amam,easy_term,NE,30,male,1,10,200000,200000,standard_t,,60,0.094,68.06,200000,Form_3350_8-22.pdf,2022-08-01
amam,easy_term,NE,30,male,1,10,250000,250000,standard_t,,60,0.094,83.66,250000,Form_3350_8-22.pdf,2022-08-01
amam,easy_term,NE,30,male,1,10,300000,300000,standard_t,,60,0.094,99.27,300000,Form_3350_8-22.pdf,2022-08-01
amam,easy_term,NE,30,male,1,10,400000,400000,standard_t,,60,0.094,130.48,400000,Form_3350_8-22.pdf,2022-08-01
amam,easy_term,NE,30,male,1,10,500000,500000,standard_t,,60,0.094,161.68,500000,Form_3350_8-22.pdf,2022-08-01
amam,easy_term,NE,31,male,0,10,100000,100000,standard_nt,,60,0.094,22.09,100000,Form_3350_8-22.pdf,2022-08-01
amam,easy_term,NE,31,male,0,10,150000,150000,standard_nt,,60,0.094,30.32,150000,Form_3350_8-22.pdf,2022-08-01
amam,easy_term,NE,31,male,0,10,200000,200000,standard_nt,,60,0.094,38.54,200000,Form_3350_8-22.pdf,2022-08-01
amam,easy_term,NE,31,male,0,10,250000,250000,standard_nt,,60,0.094,46.77,250000,Form_3350_8-22.pdf,2022-08-01
amam,easy_term,NE,31,male,0,10,300000,300000,standard_nt,,60,0.094,54.99,300000,Form_3350_8-22.pdf,2022-08-01
amam,easy_term,NE,31,male,0,10,400000,400000,standard_nt,,60,0.094,71.44,400000,Form_3350_8-22.pdf,2022-08-01
amam,easy_term,NE,31,male,0,10,500000,500000,standard_nt,,60,0.094,87.89,500000,Form_3350_8-22.pdf,2022-08-01
amam,easy_term,NE,31,male,1,10,100000,100000,standard_t,,60,0.094,37.32,100000,Form_3350_8-22.pdf,2022-08-01
amam,easy_term,NE,31,male,1,10,150000,150000,standard_t,,60,0.094,53.16,150000,Form_3350_8-22.pdf,2022-08-01
amam,easy_term,NE,31,male,1,10,200000,200000,standard_t,,60,0.094,69.00,200000,Form_3350_8-22.pdf,2022-08-01
amam,easy_term,NE,31,male,1,10,250000,250000,standard_t,,60,0.094,84.84,250000,Form_3350_8-22.pdf,2022-08-01
amam,easy_term,NE,31,male,1,10,300000,300000,standard_t,,60,0.094,100.68,300000,Form_3350_8-22.pdf,2022-08-01
amam,easy_term,NE,31,male,1,10,400000,400000,standard_t,,60,0.094,132.36,400000,Form_3350_8-22.pdf,2022-08-01
amam,easy_term,NE,31,male,1,10,500000,500000,standard_t,,60,0.094,164.03,500000,Form_3350_8-22.pdf,2022-08-01
amam,easy_term,NE,32,male,0,10,100000,100000,standard_nt,,60,0.094,22.28,100000,Form_3350_8-22.pdf,2022-08-01
amam,easy_term,NE,32,male,0,10,150000,150000,standard_nt,,60,0.094,30.60,150000,Form_3350_8-22.pdf,2022-08-01
amam,easy_term,NE,32,male,0,10,200000,200000,standard_nt,,60,0.094,38.92,200000,Form_3350_8-22.pdf,2022-08-01
amam,easy_term,NE,32,male,0,10,250000,250000,standard_nt,,60,0.094,47.24,250000,Form_3350_8-22.pdf,2022-08-01
amam,easy_term,NE,32,male,0,10,300000,300000,standard_nt,,60,0.094,55.56,300000,Form_3350_8-22.pdf,2022-08-01
amam,easy_term,NE,32,male,0,10,400000,400000,standard_nt,,60,0.094,72.20,400000,Form_3350_8-22.pdf,2022-08-01
amam,easy_term,NE,32,male,0,10,500000,500000,standard_nt,,60,0.094,88.83,500000,Form_3350_8-22.pdf,2022-08-01
amam,easy_term,NE,32,male,1,10,100000,100000,standard_t,,60,0.094,37.89,100000,Form_3350_8-22.pdf,2022-08-01
amam,easy_term,NE,32,male,1,10,150000,150000,standard_t,,60,0.094,54.01,150000,Form_3350_8-22.pdf,2022-08-01
amam,easy_term,NE,32,male,1,10,200000,200000,standard_t,,60,0.094,70.13,200000,Form_3350_8-22.pdf,2022-08-01
amam,easy_term,NE,32,male,1,10,250000,250000,standard_t,,60,0.094,86.25,250000,Form_3350_8-22.pdf,2022-08-01
amam,easy_term,NE,32,male,1,10,300000,300000,standard_t,,60,0.094,102.37,300000,Form_3350_8-22.pdf,2022-08-01
amam,easy_term,NE,32,male,1,10,400000,400000,standard_t,,60,0.094,134.61,400000,Form_3350_8-22.pdf,2022-08-01
amam,easy_term,NE,32,male,1,10,500000,500000,standard_t,,60,0.094,166.85,500000,Form_3350_8-22.pdf,2022-08-01
amam,easy_term,NE,33,male,0,10,100000,100000,standard_nt,,60,0.094,22.56,100000,Form_3350_8-22.pdf,2022-08-01
amam,easy_term,NE,33,male,0,10,150000,150000,standard_nt,,60,0.094,31.02,150000,Form_3350_8-22.pdf,2022-08-01
amam,easy_term,NE,33,male,0,10,200000,200000,standard_nt,,60,0.094,39.48,200000,Form_3350_8-22.pdf,2022-08-01
amam,easy_term,NE,33,male,0,10,250000,250000,standard_nt,,60,0.094,47.94,250000,Form_3350_8-22.pdf,2022-08-01
amam,easy_term,NE,33,male,0,10,300000,300000,standard_nt,,60,0.094,56.40,300000,Form_3350_8-22.pdf,2022-08-01
amam,easy_term,NE,33,male,0,10,400000,400000,standard_nt,,60,0.094,73.32,400000,Form_3350_8-22.pdf,2022-08-01
amam,easy_term,NE,33,male,0,10,500000,500000,standard_nt,,60,0.094,90.24,500000,Form_3350_8-22.pdf,2022-08-01
amam,easy_term,NE,33,male,1,10,100000,100000,standard_t,,60,0.094,38.64,100000,Form_3350_8-22.pdf,2022-08-01
amam,easy_term,NE,33,male,1,10,150000,150000,standard_t,,60,0.094,55.14,150000,Form_3350_8-22.pdf,2022-08-01
amam,easy_term,NE,33,male,1,10,200000,200000,standard_t,,60,0.094,71.63,200000,Form_3350_8-22.pdf,2022-08-01
amam,easy_term,NE,33,male,1,10,250000,250000,standard_t,,60,0.094,88.13,250000,Form_3350_8-22.pdf,2022-08-01
amam,easy_term,NE,33,male,1,10,300000,300000,standard_t,,60,0.094,104.63,300000,Form_3350_8-22.pdf,2022-08-01
amam,easy_term,NE,33,male,1,10,400000,400000,standard_t,,60,0.094,137.62,400000,Form_3350_8-22.pdf,2022-08-01
amam,easy_term,NE,33,male,1,10,500000,500000,standard_t,,60,0.094,170.61,500000,Form_3350_8-22.pdf,2022-08-01
amam,easy_term,NE,34,male,0,10,100000,100000,standard_nt,,60,0.094,22.85,100000,Form_3350_8-22.pdf,2022-08-01
amam,easy_term,NE,34,male,0,10,150000,150000,standard_nt,,60,0.094,31.45,150000,Form_3350_8-22.pdf,2022-08-01
amam,easy_term,NE,34,male,0,10,200000,200000,standard_nt,,60,0.094,40.05,200000,Form_3350_8-22.pdf,2022-08-01
amam,easy_term,NE,34,male,0,10,250000,250000,standard_nt,,60,0.094,48.65,250000,Form_3350_8-22.pdf,2022-08-01
amam,easy_term,NE,34,male,0,10,300000,300000,standard_nt,,60,0.094,57.25,300000,Form_3350_8-22.pdf,2022-08-01
amam,easy_term,NE,34,male,0,10,400000,400000,standard_nt,,60,0.094,74.45,400000,Form_3350_8-22.pdf,2022-08-01
amam,easy_term,NE,34,male,0,10,500000,500000,standard_nt,,60,0.094,91.65,500000,Form_3350_8-22.pdf,2022-08-01
amam,easy_term,NE,34,male,1,10,100000,100000,standard_t,,60,0.094,39.58,100000,Form_3350_8-22.pdf,2022-08-01
amam,easy_term,NE,34,male,1,10,150000,150000,standard_t,,60,0.094,56.55,150000,Form_3350_8-22.pdf,2022-08-01
amam,easy_term,NE,34,male,1,10,200000,200000,standard_t,,60,0.094,73.51,200000,Form_3350_8-22.pdf,2022-08-01
amam,easy_term,NE,34,male,1,10,250000,250000,standard_t,,60,0.094,90.48,250000,Form_3350_8-22.pdf,2022-08-01
amam,easy_term,NE,34,male,1,10,300000,300000,standard_t,,60,0.094,107.45,300000,Form_3350_8-22.pdf,2022-08-01
amam,easy_term,NE,34,male,1,10,400000,400000,standard_t,,60,0.094,141.38,400000,Form_3350_8-22.pdf,2022-08-01
amam,easy_term,NE,34,male,1,10,500000,500000,standard_t,,60,0.094,175.31,500000,Form_3350_8-22.pdf,2022-08-01
amam,easy_term,NE,35,male,0,10,100000,100000,standard_nt,,60,0.094,23.22,100000,Form_3350_8-22.pdf,2022-08-01
amam,easy_term,NE,35,male,0,10,150000,150000,standard_nt,,60,0.094,32.01,150000,Form_3350_8-22.pdf,2022-08-01
amam,easy_term,NE,35,male,0,10,200000,200000,standard_nt,,60,0.094,40.80,200000,Form_3350_8-22.pdf,2022-08-01
amam,easy_term,NE,35,male,0,10,250000,250000,standard_nt,,60,0.094,49.59,250000,Form_3350_8-22.pdf,2022-08-01
amam,easy_term,NE,35,male,0,10,300000,300000,standard_nt,,60,0.094,58.38,300000,Form_3350_8-22.pdf,2022-08-01
amam,easy_term,NE,35,male,0,10,400000,400000,standard_nt,,60,0.094,75.96,400000,Form_3350_8-22.pdf,2022-08-01
amam,easy_term,NE,35,male,0,10,500000,500000,standard_nt,,60,0.094,93.53,500000,Form_3350_8-22.pdf,2022-08-01
amam,easy_term,NE,35,male,1,10,100000,100000,standard_t,,60,0.094,40.71,100000,Form_3350_8-22.pdf,2022-08-01
amam,easy_term,NE,35,male,1,10,150000,150000,standard_t,,60,0.094,58.24,150000,Form_3350_8-22.pdf,2022-08-01
amam,easy_term,NE,35,male,1,10,200000,200000,standard_t,,60,0.094,75.77,200000,Form_3350_8-22.pdf,2022-08-01
amam,easy_term,NE,35,male,1,10,250000,250000,standard_t,,60,0.094,93.30,250000,Form_3350_8-22.pdf,2022-08-01
amam,easy_term,NE,35,male,1,10,300000,300000,standard_t,,60,0.094,110.83,300000,Form_3350_8-22.pdf,2022-08-01
amam,easy_term,NE,35,male,1,10,400000,400000,standard_t,,60,0.094,145.89,400000,Form_3350_8-22.pdf,2022-08-01
amam,easy_term,NE,35,male,1,10,500000,500000,standard_t,,60,0.094,180.95,500000,Form_3350_8-22.pdf,2022-08-01
amam,easy_term,NE,36,male,0,10,100000,100000,standard_nt,,60,0.094,23.69,100000,Form_3350_8-22.pdf,2022-08-01
amam,easy_term,NE,36,male,0,10,150000,150000,standard_nt,,60,0.094,32.72,150000,Form_3350_8-22.pdf,2022-08-01
amam,easy_term,NE,36,male,0,10,200000,200000,standard_nt,,60,0.094,41.74,200000,Form_3350_8-22.pdf,2022-08-01
amam,easy_term,NE,36,male,0,10,250000,250000,standard_nt,,60,0.094,50.76,250000,Form_3350_8-22.pdf,2022-08-01
amam,easy_term,NE,36,male,0,10,300000,300000,standard_nt,,60,0.094,59.79,300000,Form_3350_8-22.pdf,2022-08-01
amam,easy_term,NE,36,male,0,10,400000,400000,standard_nt,,60,0.094,77.84,400000,Form_3350_8-22.pdf,2022-08-01
amam,easy_term,NE,36,male,0,10,500000,500000,standard_nt,,60,0.094,95.88,500000,Form_3350_8-22.pdf,2022-08-01
amam,easy_term,NE,36,male,1,10,100000,100000,standard_t,,60,0.094,42.02,100000,Form_3350_8-22.pdf,2022-08-01
amam,easy_term,NE,36,male,1,10,150000,150000,standard_t,,60,0.094,60.21,150000,Form_3350_8-22.pdf,2022-08-01
amam,easy_term,NE,36,male,1,10,200000,200000,standard_t,,60,0.094,78.40,200000,Form_3350_8-22.pdf,2022-08-01
amam,easy_term,NE,36,male,1,10,250000,250000,standard_t,,60,0.094,96.59,250000,Form_3350_8-22.pdf,2022-08-01
amam,easy_term,NE,36,male,1,10,300000,300000,standard_t,,60,0.094,114.78,300000,Form_3350_8-22.pdf,2022-08-01
amam,easy_term,NE,36,male,1,10,400000,400000,standard_t,,60,0.094,151.16,400000,Form_3350_8-22.pdf,2022-08-01
amam,easy_term,NE,36,male,1,10,500000,500000,standard_t,,60,0.094,187.53,500000,Form_3350_8-22.pdf,2022-08-01
amam,easy_term,NE,37,male,0,10,100000,100000,standard_nt,,60,0.094,24.26,100000,Form_3350_8-22.pdf,2022-08-01
amam,easy_term,NE,37,male,0,10,150000,150000,standard_nt,,60,0.094,33.56,150000,Form_3350_8-22.pdf,2022-08-01
amam,easy_term,NE,37,male,0,10,200000,200000,standard_nt,,60,0.094,42.87,200000,Form_3350_8-22.pdf,2022-08-01
amam,easy_term,NE,37,male,0,10,250000,250000,standard_nt,,60,0.094,52.17,250000,Form_3350_8-22.pdf,2022-08-01
amam,easy_term,NE,37,male,0,10,300000,300000,standard_nt,,60,0.094,61.48,300000,Form_3350_8-22.pdf,2022-08-01
amam,easy_term,NE,37,male,0,10,400000,400000,standard_nt,,60,0.094,80.09,400000,Form_3350_8-22.pdf,2022-08-01
amam,easy_term,NE,37,male,0,10,500000,500000,standard_nt,,60,0.094,98.70,500000,Form_3350_8-22.pdf,2022-08-01
amam,easy_term,NE,37,male,1,10,100000,100000,standard_t,,60,0.094,43.71,100000,Form_3350_8-22.pdf,2022-08-01
amam,easy_term,NE,37,male,1,10,150000,150000,standard_t,,60,0.094,62.75,150000,Form_3350_8-22.pdf,2022-08-01
amam,easy_term,NE,37,male,1,10,200000,200000,standard_t,,60,0.094,81.78,200000,Form_3350_8-22.pdf,2022-08-01
amam,easy_term,NE,37,male,1,10,250000,250000,standard_t,,60,0.094,100.82,250000,Form_3350_8-22.pdf,2022-08-01
amam,easy_term,NE,37,male,1,10,300000,300000,standard_t,,60,0.094,119.85,300000,Form_3350_8-22.pdf,2022-08-01
amam,easy_term,NE,37,male,1,10,400000,400000,standard_t,,60,0.094,157.92,400000,Form_3350_8-22.pdf,2022-08-01
amam,easy_term,NE,37,male,1,10,500000,500000,standard_t,,60,0.094,195.99,500000,Form_3350_8-22.pdf,2022-08-01
amam,easy_term,NE,38,male,0,10,100000,100000,standard_nt,,60,0.094,24.91,100000,Form_3350_8-22.pdf,2022-08-01
amam,easy_term,NE,38,male,0,10,150000,150000,standard_nt,,60,0.094,34.55,150000,Form_3350_8-22.pdf,2022-08-01
amam,easy_term,NE,38,male,0,10,200000,200000,standard_nt,,60,0.094,44.18,200000,Form_3350_8-22.pdf,2022-08-01
amam,easy_term,NE,38,male,0,10,250000,250000,standard_nt,,60,0.094,53.82,250000,Form_3350_8-22.pdf,2022-08-01
amam,easy_term,NE,38,male,0,10,300000,300000,standard_nt,,60,0.094,63.45,300000,Form_3350_8-22.pdf,2022-08-01
amam,easy_term,NE,38,male,0,10,400000,400000,standard_nt,,60,0.094,82.72,400000,Form_3350_8-22.pdf,2022-08-01
amam,easy_term,NE,38,male,0,10,500000,500000,standard_nt,,60,0.094,101.99,500000,Form_3350_8-22.pdf,2022-08-01
amam,easy_term,NE,38,male,1,10,100000,100000,standard_t,,60,0.094,45.78,100000,Form_3350_8-22.pdf,2022-08-01
amam,easy_term,NE,38,male,1,10,150000,150000,standard_t,,60,0.094,65.85,150000,Form_3350_8-22.pdf,2022-08-01
amam,easy_term,NE,38,male,1,10,200000,200000,standard_t,,60,0.094,85.92,200000,Form_3350_8-22.pdf,2022-08-01
amam,easy_term,NE,38,male,1,10,250000,250000,standard_t,,60,0.094,105.99,250000,Form_3350_8-22.pdf,2022-08-01
amam,easy_term,NE,38,male,1,10,300000,300000,standard_t,,60,0.094,126.06,300000,Form_3350_8-22.pdf,2022-08-01
amam,easy_term,NE,38,male,1,10,400000,400000,standard_t,,60,0.094,166.20,400000,Form_3350_8-22.pdf,2022-08-01
amam,easy_term,NE,38,male,1,10,500000,500000,standard_t,,60,0.094,206.33,500000,Form_3350_8-22.pdf,2022-08-01
amam,easy_term,NE,39,male,0,10,100000,100000,standard_nt,,60,0.094,25.67,100000,Form_3350_8-22.pdf,2022-08-01
amam,easy_term,NE,39,male,0,10,150000,150000,standard_nt,,60,0.094,35.68,150000,Form_3350_8-22.pdf,2022-08-01
amam,easy_term,NE,39,male,0,10,200000,200000,standard_nt,,60,0.094,45.69,200000,Form_3350_8-22.pdf,2022-08-01
amam,easy_term,NE,39,male,0,10,250000,250000,standard_nt,,60,0.094,55.70,250000,Form_3350_8-22.pdf,2022-08-01
amam,easy_term,NE,39,male,0,10,300000,300000,standard_nt,,60,0.094,65.71,300000,Form_3350_8-22.pdf,2022-08-01
amam,easy_term,NE,39,male,0,10,400000,400000,standard_nt,,60,0.094,85.73,400000,Form_3350_8-22.pdf,2022-08-01
amam,easy_term,NE,39,male,0,10,500000,500000,standard_nt,,60,0.094,105.75,500000,Form_3350_8-22.pdf,2022-08-01
amam,easy_term,NE,39,male,1,10,100000,100000,standard_t,,60,0.094,48.13,100000,Form_3350_8-22.pdf,2022-08-01
amam,easy_term,NE,39,male,1,10,150000,150000,standard_t,,60,0.094,69.38,150000,Form_3350_8-22.pdf,2022-08-01
amam,easy_term,NE,39,male,1,10,200000,200000,standard_t,,60,0.094,90.62,200000,Form_3350_8-22.pdf,2022-08-01
amam,easy_term,NE,39,male,1,10,250000,250000,standard_t,,60,0.094,111.86,250000,Form_3350_8-22.pdf,2022-08-01
amam,easy_term,NE,39,male,1,10,300000,300000,standard_t,,60,0.094,133.11,300000,Form_3350_8-22.pdf,2022-08-01
amam,easy_term,NE,39,male,1,10,400000,400000,standard_t,,60,0.094,175.60,400000,Form_3350_8-22.pdf,2022-08-01
amam,easy_term,NE,39,male,1,10,500000,500000,standard_t,,60,0.094,218.08,500000,Form_3350_8-22.pdf,2022-08-01
amam,easy_term,NE,40,male,0,10,100000,100000,standard_nt,,60,0.094,26.61,100000,Form_3350_8-22.pdf,2022-08-01
amam,easy_term,NE,40,male,0,10,150000,150000,standard_nt,,60,0.094,37.09,150000,Form_3350_8-22.pdf,2022-08-01
amam,easy_term,NE,40,male,0,10,200000,200000,standard_nt,,60,0.094,47.57,200000,Form_3350_8-22.pdf,2022-08-01
amam,easy_term,NE,40,male,0,10,250000,250000,standard_nt,,60,0.094,58.05,250000,Form_3350_8-22.pdf,2022-08-01
amam,easy_term,NE,40,male,0,10,300000,300000,standard_nt,,60,0.094,68.53,300000,Form_3350_8-22.pdf,2022-08-01
amam,easy_term,NE,40,male,0,10,400000,400000,standard_nt,,60,0.094,89.49,400000,Form_3350_8-22.pdf,2022-08-01
amam,easy_term,NE,40,male,0,10,500000,500000,standard_nt,,60,0.094,110.45,500000,Form_3350_8-22.pdf,2022-08-01
amam,easy_term,NE,40,male,1,10,100000,100000,standard_t,,60,0.094,51.33,100000,Form_3350_8-22.pdf,2022-08-01
amam,easy_term,NE,40,male,1,10,150000,150000,standard_t,,60,0.094,74.17,150000,Form_3350_8-22.pdf,2022-08-01
amam,easy_term,NE,40,male,1,10,200000,200000,standard_t,,60,0.094,97.01,200000,Form_3350_8-22.pdf,2022-08-01
amam,easy_term,NE,40,male,1,10,250000,250000,standard_t,,60,0.094,119.85,250000,Form_3350_8-22.pdf,2022-08-01
amam,easy_term,NE,40,male,1,10,300000,300000,standard_t,,60,0.094,142.70,300000,Form_3350_8-22.pdf,2022-08-01
amam,easy_term,NE,40,male,1,10,400000,400000,standard_t,,60,0.094,188.38,400000,Form_3350_8-22.pdf,2022-08-01
amam,easy_term,NE,40,male,1,10,500000,500000,standard_t,,60,0.094,234.06,500000,Form_3350_8-22.pdf,2022-08-01
amam,easy_term,NE,41,male,0,10,100000,100000,standard_nt,,60,0.094,28.02,100000,Form_3350_8-22.pdf,2022-08-01
amam,easy_term,NE,41,male,0,10,150000,150000,standard_nt,,60,0.094,39.20,150000,Form_3350_8-22.pdf,2022-08-01
amam,easy_term,NE,41,male,0,10,200000,200000,standard_nt,,60,0.094,50.39,200000,Form_3350_8-22.pdf,2022-08-01
amam,easy_term,NE,41,male,0,10,250000,250000,standard_nt,,60,0.094,61.57,250000,Form_3350_8-22.pdf,2022-08-01
amam,easy_term,NE,41,male,0,10,300000,300000,standard_nt,,60,0.094,72.76,300000,Form_3350_8-22.pdf,2022-08-01
amam,easy_term,NE,41,male,0,10,400000,400000,standard_nt,,60,0.094,95.13,400000,Form_3350_8-22.pdf,2022-08-01
amam,easy_term,NE,41,male,0,10,500000,500000,standard_nt,,60,0.094,117.50,500000,Form_3350_8-22.pdf,2022-08-01
amam,easy_term,NE,41,male,1,10,100000,100000,standard_t,,60,0.094,54.99,100000,Form_3350_8-22.pdf,2022-08-01
amam,easy_term,NE,41,male,1,10,150000,150000,standard_t,,60,0.094,79.67,150000,Form_3350_8-22.pdf,2022-08-01
amam,easy_term,NE,41,male,1,10,200000,200000,standard_t,,60,0.094,104.34,200000,Form_3350_8-22.pdf,2022-08-01
amam,easy_term,NE,41,male,1,10,250000,250000,standard_t,,60,0.094,129.02,250000,Form_3350_8-22.pdf,2022-08-01
amam,easy_term,NE,41,male,1,10,300000,300000,standard_t,,60,0.094,153.69,300000,Form_3350_8-22.pdf,2022-08-01
amam,easy_term,NE,41,male,1,10,400000,400000,standard_t,,60,0.094,203.04,400000,Form_3350_8-22.pdf,2022-08-01
amam,easy_term,NE,41,male,1,10,500000,500000,standard_t,,60,0.094,252.39,500000,Form_3350_8-22.pdf,2022-08-01
amam,easy_term,NE,42,male,0,10,100000,100000,standard_nt,,60,0.094,29.52,100000,Form_3350_8-22.pdf,2022-08-01
amam,easy_term,NE,42,male,0,10,150000,150000,standard_nt,,60,0.094,41.46,150000,Form_3350_8-22.pdf,2022-08-01
amam,easy_term,NE,42,male,0,10,200000,200000,standard_nt,,60,0.094,53.40,200000,Form_3350_8-22.pdf,2022-08-01
amam,easy_term,NE,42,male,0,10,250000,250000,standard_nt,,60,0.094,65.33,250000,Form_3350_8-22.pdf,2022-08-01
amam,easy_term,NE,42,male,0,10,300000,300000,standard_nt,,60,0.094,77.27,300000,Form_3350_8-22.pdf,2022-08-01
amam,easy_term,NE,42,male,0,10,400000,400000,standard_nt,,60,0.094,101.15,400000,Form_3350_8-22.pdf,2022-08-01
amam,easy_term,NE,42,male,0,10,500000,500000,standard_nt,,60,0.094,125.02,500000,Form_3350_8-22.pdf,2022-08-01
amam,easy_term,NE,42,male,1,10,100000,100000,standard_t,,60,0.094,58.94,100000,Form_3350_8-22.pdf,2022-08-01
amam,easy_term,NE,42,male,1,10,150000,150000,standard_t,,60,0.094,85.59,150000,Form_3350_8-22.pdf,2022-08-01
amam,easy_term,NE,42,male,1,10,200000,200000,standard_t,,60,0.094,112.24,200000,Form_3350_8-22.pdf,2022-08-01
amam,easy_term,NE,42,male,1,10,250000,250000,standard_t,,60,0.094,138.89,250000,Form_3350_8-22.pdf,2022-08-01
amam,easy_term,NE,42,male,1,10,300000,300000,standard_t,,60,0.094,165.54,300000,Form_3350_8-22.pdf,2022-08-01
amam,easy_term,NE,42,male,1,10,400000,400000,standard_t,,60,0.094,218.84,400000,Form_3350_8-22.pdf,2022-08-01
amam,easy_term,NE,42,male,1,10,500000,500000,standard_t,,60,0.094,272.13,500000,Form_3350_8-22.pdf,2022-08-01
amam,easy_term,NE,43,male,0,10,100000,100000,standard_nt,,60,0.094,31.12,100000,Form_3350_8-22.pdf,2022-08-01
amam,easy_term,NE,43,male,0,10,150000,150000,standard_nt,,60,0.094,43.86,150000,Form_3350_8-22.pdf,2022-08-01
amam,easy_term,NE,43,male,0,10,200000,200000,standard_nt,,60,0.094,56.59,200000,Form_3350_8-22.pdf,2022-08-01
amam,easy_term,NE,43,male,0,10,250000,250000,standard_nt,,60,0.094,69.33,250000,Form_3350_8-22.pdf,2022-08-01
amam,easy_term,NE,43,male,0,10,300000,300000,standard_nt,,60,0.094,82.07,300000,Form_3350_8-22.pdf,2022-08-01
amam,easy_term,NE,43,male,0,10,400000,400000,standard_nt,,60,0.094,107.54,400000,Form_3350_8-22.pdf,2022-08-01
amam,easy_term,NE,43,male,0,10,500000,500000,standard_nt,,60,0.094,133.01,500000,Form_3350_8-22.pdf,2022-08-01
amam,easy_term,NE,43,male,1,10,100000,100000,standard_t,,60,0.094,63.17,100000,Form_3350_8-22.pdf,2022-08-01
amam,easy_term,NE,43,male,1,10,150000,150000,standard_t,,60,0.094,91.94,150000,Form_3350_8-22.pdf,2022-08-01
amam,easy_term,NE,43,male,1,10,200000,200000,standard_t,,60,0.094,120.70,200000,Form_3350_8-22.pdf,2022-08-01
amam,easy_term,NE,43,male,1,10,250000,250000,standard_t,,60,0.094,149.46,250000,Form_3350_8-22.pdf,2022-08-01
amam,easy_term,NE,43,male,1,10,300000,300000,standard_t,,60,0.094,178.23,300000,Form_3350_8-22.pdf,2022-08-01
amam,easy_term,NE,43,male,1,10,400000,400000,standard_t,,60,0.094,235.76,400000,Form_3350_8-22.pdf,2022-08-01
amam,easy_term,NE,43,male,1,10,500000,500000,standard_t,,60,0.094,293.28,500000,Form_3350_8-22.pdf,2022-08-01
amam,easy_term,NE,44,male,0,10,100000,100000,standard_nt,,60,0.094,32.81,100000,Form_3350_8-22.pdf,2022-08-01
amam,easy_term,NE,44,male,0,10,150000,150000,standard_nt,,60,0.094,46.39,150000,Form_3350_8-22.pdf,2022-08-01
amam,easy_term,NE,44,male,0,10,200000,200000,standard_nt,,60,0.094,59.98,200000,Form_3350_8-22.pdf,2022-08-01
amam,easy_term,NE,44,male,0,10,250000,250000,standard_nt,,60,0.094,73.56,250000,Form_3350_8-22.pdf,2022-08-01
amam,easy_term,NE,44,male,0,10,300000,300000,standard_nt,,60,0.094,87.14,300000,Form_3350_8-22.pdf,2022-08-01
amam,easy_term,NE,44,male,0,10,400000,400000,standard_nt,,60,0.094,114.31,400000,Form_3350_8-22.pdf,2022-08-01
amam,easy_term,NE,44,male,0,10,500000,500000,standard_nt,,60,0.094,141.47,500000,Form_3350_8-22.pdf,2022-08-01
amam,easy_term,NE,44,male,1,10,100000,100000,standard_t,,60,0.094,67.68,100000,Form_3350_8-22.pdf,2022-08-01
amam,easy_term,NE,44,male,1,10,150000,150000,standard_t,,60,0.094,98.70,150000,Form_3350_8-22.pdf,2022-08-01
amam,easy_term,NE,44,male,1,10,200000,200000,standard_t,,60,0.094,129.72,200000,Form_3350_8-22.pdf,2022-08-01
amam,easy_term,NE,44,male,1,10,250000,250000,standard_t,,60,0.094,160.74,250000,Form_3350_8-22.pdf,2022-08-01
amam,easy_term,NE,44,male,1,10,300000,300000,standard_t,,60,0.094,191.76,300000,Form_3350_8-22.pdf,2022-08-01
amam,easy_term,NE,44,male,1,10,400000,400000,standard_t,,60,0.094,253.80,400000,Form_3350_8-22.pdf,2022-08-01
amam,easy_term,NE,44,male,1,10,500000,500000,standard_t,,60,0.094,315.84,500000,Form_3350_8-22.pdf,2022-08-01
amam,easy_term,NE,45,male,0,10,100000,100000,standard_nt,,60,0.094,34.60,100000,Form_3350_8-22.pdf,2022-08-01
amam,easy_term,NE,45,male,0,10,150000,150000,standard_nt,,60,0.094,49.07,150000,Form_3350_8-22.pdf,2022-08-01
amam,easy_term,NE,45,male,0,10,200000,200000,standard_nt,,60,0.094,63.55,200000,Form_3350_8-22.pdf,2022-08-01
amam,easy_term,NE,45,male,0,10,250000,250000,standard_nt,,60,0.094,78.02,250000,Form_3350_8-22.pdf,2022-08-01
amam,easy_term,NE,45,male,0,10,300000,300000,standard_nt,,60,0.094,92.50,300000,Form_3350_8-22.pdf,2022-08-01
amam,easy_term,NE,45,male,0,10,400000,400000,standard_nt,,60,0.094,121.45,400000,Form_3350_8-22.pdf,2022-08-01
amam,easy_term,NE,45,male,0,10,500000,500000,standard_nt,,60,0.094,150.40,500000,Form_3350_8-22.pdf,2022-08-01
amam,easy_term,NE,45,male,1,10,100000,100000,standard_t,,60,0.094,72.67,100000,Form_3350_8-22.pdf,2022-08-01
amam,easy_term,NE,45,male,1,10,150000,150000,standard_t,,60,0.094,106.18,150000,Form_3350_8-22.pdf,2022-08-01
amam,easy_term,NE,45,male,1,10,200000,200000,standard_t,,60,0.094,139.69,200000,Form_3350_8-22.pdf,2022-08-01
amam,easy_term,NE,45,male,1,10,250000,250000,standard_t,,60,0.094,173.20,250000,Form_3350_8-22.pdf,2022-08-01
amam,easy_term,NE,45,male,1,10,300000,300000,standard_t,,60,0.094,206.71,300000,Form_3350_8-22.pdf,2022-08-01
amam,easy_term,NE,45,male,1,10,400000,400000,standard_t,,60,0.094,273.73,400000,Form_3350_8-22.pdf,2022-08-01
amam,easy_term,NE,45,male,1,10,500000,500000,standard_t,,60,0.094,340.75,500000,Form_3350_8-22.pdf,2022-08-01
amam,easy_term,NE,46,male,0,10,100000,100000,standard_nt,,60,0.094,36.76,100000,Form_3350_8-22.pdf,2022-08-01
amam,easy_term,NE,46,male,0,10,150000,150000,standard_nt,,60,0.094,52.32,150000,Form_3350_8-22.pdf,2022-08-01
amam,easy_term,NE,46,male,0,10,200000,200000,standard_nt,,60,0.094,67.87,200000,Form_3350_8-22.pdf,2022-08-01
amam,easy_term,NE,46,male,0,10,250000,250000,standard_nt,,60,0.094,83.43,250000,Form_3350_8-22.pdf,2022-08-01
amam,easy_term,NE,46,male,0,10,300000,300000,standard_nt,,60,0.094,98.99,300000,Form_3350_8-22.pdf,2022-08-01
amam,easy_term,NE,46,male,1,10,100000,100000,standard_t,,60,0.094,78.21,100000,Form_3350_8-22.pdf,2022-08-01
amam,easy_term,NE,46,male,1,10,150000,150000,standard_t,,60,0.094,114.50,150000,Form_3350_8-22.pdf,2022-08-01
amam,easy_term,NE,46,male,1,10,200000,200000,standard_t,,60,0.094,150.78,200000,Form_3350_8-22.pdf,2022-08-01
amam,easy_term,NE,46,male,1,10,250000,250000,standard_t,,60,0.094,187.06,250000,Form_3350_8-22.pdf,2022-08-01
amam,easy_term,NE,46,male,1,10,300000,300000,standard_t,,60,0.094,223.35,300000,Form_3350_8-22.pdf,2022-08-01
amam,easy_term,NE,47,male,0,10,100000,100000,standard_nt,,60,0.094,39.11,100000,Form_3350_8-22.pdf,2022-08-01
amam,easy_term,NE,47,male,0,10,150000,150000,standard_nt,,60,0.094,55.84,150000,Form_3350_8-22.pdf,2022-08-01
amam,easy_term,NE,47,male,0,10,200000,200000,standard_nt,,60,0.094,72.57,200000,Form_3350_8-22.pdf,2022-08-01
amam,easy_term,NE,47,male,0,10,250000,250000,standard_nt,,60,0.094,89.30,250000,Form_3350_8-22.pdf,2022-08-01
amam,easy_term,NE,47,male,0,10,300000,300000,standard_nt,,60,0.094,106.04,300000,Form_3350_8-22.pdf,2022-08-01
amam,easy_term,NE,47,male,1,10,100000,100000,standard_t,,60,0.094,84.51,100000,Form_3350_8-22.pdf,2022-08-01
amam,easy_term,NE,47,male,1,10,150000,150000,standard_t,,60,0.094,123.94,150000,Form_3350_8-22.pdf,2022-08-01
amam,easy_term,NE,47,male,1,10,200000,200000,standard_t,,60,0.094,163.38,200000,Form_3350_8-22.pdf,2022-08-01
amam,easy_term,NE,47,male,1,10,250000,250000,standard_t,,60,0.094,202.81,250000,Form_3350_8-22.pdf,2022-08-01
amam,easy_term,NE,47,male,1,10,300000,300000,standard_t,,60,0.094,242.24,300000,Form_3350_8-22.pdf,2022-08-01
amam,easy_term,NE,48,male,0,10,100000,100000,standard_nt,,60,0.094,41.83,100000,Form_3350_8-22.pdf,2022-08-01
amam,easy_term,NE,48,male,0,10,150000,150000,standard_nt,,60,0.094,59.93,150000,Form_3350_8-22.pdf,2022-08-01
amam,easy_term,NE,48,male,0,10,200000,200000,standard_nt,,60,0.094,78.02,200000,Form_3350_8-22.pdf,2022-08-01
amam,easy_term,NE,48,male,0,10,250000,250000,standard_nt,,60,0.094,96.12,250000,Form_3350_8-22.pdf,2022-08-01
amam,easy_term,NE,48,male,0,10,300000,300000,standard_nt,,60,0.094,114.21,300000,Form_3350_8-22.pdf,2022-08-01
amam,easy_term,NE,48,male,1,10,100000,100000,standard_t,,60,0.094,91.65,100000,Form_3350_8-22.pdf,2022-08-01
amam,easy_term,NE,48,male,1,10,150000,150000,standard_t,,60,0.094,134.66,150000,Form_3350_8-22.pdf,2022-08-01
amam,easy_term,NE,48,male,1,10,200000,200000,standard_t,,60,0.094,177.66,200000,Form_3350_8-22.pdf,2022-08-01
amam,easy_term,NE,48,male,1,10,250000,250000,standard_t,,60,0.094,220.67,250000,Form_3350_8-22.pdf,2022-08-01
amam,easy_term,NE,48,male,1,10,300000,300000,standard_t,,60,0.094,263.67,300000,Form_3350_8-22.pdf,2022-08-01
amam,easy_term,NE,49,male,0,10,100000,100000,standard_nt,,60,0.094,44.84,100000,Form_3350_8-22.pdf,2022-08-01
amam,easy_term,NE,49,male,0,10,150000,150000,standard_nt,,60,0.094,64.44,150000,Form_3350_8-22.pdf,2022-08-01
amam,easy_term,NE,49,male,0,10,200000,200000,standard_nt,,60,0.094,84.04,200000,Form_3350_8-22.pdf,2022-08-01
amam,easy_term,NE,49,male,0,10,250000,250000,standard_nt,,60,0.094,103.64,250000,Form_3350_8-22.pdf,2022-08-01
amam,easy_term,NE,49,male,0,10,300000,300000,standard_nt,,60,0.094,123.24,300000,Form_3350_8-22.pdf,2022-08-01
amam,easy_term,NE,49,male,1,10,100000,100000,standard_t,,60,0.094,99.64,100000,Form_3350_8-22.pdf,2022-08-01
amam,easy_term,NE,49,male,1,10,150000,150000,standard_t,,60,0.094,146.64,150000,Form_3350_8-22.pdf,2022-08-01
amam,easy_term,NE,49,male,1,10,200000,200000,standard_t,,60,0.094,193.64,200000,Form_3350_8-22.pdf,2022-08-01
amam,easy_term,NE,49,male,1,10,250000,250000,standard_t,,60,0.094,240.64,250000,Form_3350_8-22.pdf,2022-08-01
amam,easy_term,NE,49,male,1,10,300000,300000,standard_t,,60,0.094,287.64,300000,Form_3350_8-22.pdf,2022-08-01
amam,easy_term,NE,50,male,0,10,100000,100000,standard_nt,,60,0.094,48.13,100000,Form_3350_8-22.pdf,2022-08-01
amam,easy_term,NE,50,male,0,10,150000,150000,standard_nt,,60,0.094,69.38,150000,Form_3350_8-22.pdf,2022-08-01
amam,easy_term,NE,50,male,0,10,200000,200000,standard_nt,,60,0.094,90.62,200000,Form_3350_8-22.pdf,2022-08-01
amam,easy_term,NE,50,male,0,10,250000,250000,standard_nt,,60,0.094,111.86,250000,Form_3350_8-22.pdf,2022-08-01
amam,easy_term,NE,50,male,0,10,300000,300000,standard_nt,,60,0.094,133.11,300000,Form_3350_8-22.pdf,2022-08-01
amam,easy_term,NE,50,male,1,10,100000,100000,standard_t,,60,0.094,108.29,100000,Form_3350_8-22.pdf,2022-08-01
amam,easy_term,NE,50,male,1,10,150000,150000,standard_t,,60,0.094,159.62,150000,Form_3350_8-22.pdf,2022-08-01
amam,easy_term,NE,50,male,1,10,200000,200000,standard_t,,60,0.094,210.94,200000,Form_3350_8-22.pdf,2022-08-01
amam,easy_term,NE,50,male,1,10,250000,250000,standard_t,,60,0.094,262.26,250000,Form_3350_8-22.pdf,2022-08-01
amam,easy_term,NE,50,male,1,10,300000,300000,standard_t,,60,0.094,313.59,300000,Form_3350_8-22.pdf,2022-08-01
amam,easy_term,NE,51,male,0,10,100000,100000,standard_nt,,60,0.094,51.42,100000,Form_3350_8-22.pdf,2022-08-01
amam,easy_term,NE,51,male,0,10,150000,150000,standard_nt,,60,0.094,74.31,150000,Form_3350_8-22.pdf,2022-08-01
amam,easy_term,NE,51,male,0,10,200000,200000,standard_nt,,60,0.094,97.20,200000,Form_3350_8-22.pdf,2022-08-01
amam,easy_term,NE,51,male,0,10,250000,250000,standard_nt,,60,0.094,120.09,250000,Form_3350_8-22.pdf,2022-08-01
amam,easy_term,NE,51,male,0,10,300000,300000,standard_nt,,60,0.094,142.98,300000,Form_3350_8-22.pdf,2022-08-01
amam,easy_term,NE,51,male,1,10,100000,100000,standard_t,,60,0.094,117.22,100000,Form_3350_8-22.pdf,2022-08-01
amam,easy_term,NE,51,male,1,10,150000,150000,standard_t,,60,0.094,173.01,150000,Form_3350_8-22.pdf,2022-08-01
amam,easy_term,NE,51,male,1,10,200000,200000,standard_t,,60,0.094,228.80,200000,Form_3350_8-22.pdf,2022-08-01
amam,easy_term,NE,51,male,1,10,250000,250000,standard_t,,60,0.094,284.59,250000,Form_3350_8-22.pdf,2022-08-01
amam,easy_term,NE,51,male,1,10,300000,300000,standard_t,,60,0.094,340.38,300000,Form_3350_8-22.pdf,2022-08-01
amam,easy_term,NE,52,male,0,10,100000,100000,standard_nt,,60,0.094,55.09,100000,Form_3350_8-22.pdf,2022-08-01
amam,easy_term,NE,52,male,0,10,150000,150000,standard_nt,,60,0.094,79.81,150000,Form_3350_8-22.pdf,2022-08-01
amam,easy_term,NE,52,male,0,10,200000,200000,standard_nt,,60,0.094,104.53,200000,Form_3350_8-22.pdf,2022-08-01
amam,easy_term,NE,52,male,0,10,250000,250000,standard_nt,,60,0.094,129.25,250000,Form_3350_8-22.pdf,2022-08-01
amam,easy_term,NE,52,male,0,10,300000,300000,standard_nt,,60,0.094,153.98,300000,Form_3350_8-22.pdf,2022-08-01
amam,easy_term,NE,52,male,1,10,100000,100000,standard_t,,60,0.094,126.90,100000,Form_3350_8-22.pdf,2022-08-01
amam,easy_term,NE,52,male,1,10,150000,150000,standard_t,,60,0.094,187.53,150000,Form_3350_8-22.pdf,2022-08-01
amam,easy_term,NE,52,male,1,10,200000,200000,standard_t,,60,0.094,248.16,200000,Form_3350_8-22.pdf,2022-08-01
amam,easy_term,NE,52,male,1,10,250000,250000,standard_t,,60,0.094,308.79,250000,Form_3350_8-22.pdf,2022-08-01
amam,easy_term,NE,52,male,1,10,300000,300000,standard_t,,60,0.094,369.42,300000,Form_3350_8-22.pdf,2022-08-01
amam,easy_term,NE,53,male,0,10,100000,100000,standard_nt,,60,0.094,59.04,100000,Form_3350_8-22.pdf,2022-08-01
amam,easy_term,NE,53,male,0,10,150000,150000,standard_nt,,60,0.094,85.73,150000,Form_3350_8-22.pdf,2022-08-01
amam,easy_term,NE,53,male,0,10,200000,200000,standard_nt,,60,0.094,112.43,200000,Form_3350_8-22.pdf,2022-08-01
amam,easy_term,NE,53,male,0,10,250000,250000,standard_nt,,60,0.094,139.12,250000,Form_3350_8-22.pdf,2022-08-01
amam,easy_term,NE,53,male,0,10,300000,300000,standard_nt,,60,0.094,165.82,300000,Form_3350_8-22.pdf,2022-08-01
amam,easy_term,NE,53,male,1,10,100000,100000,standard_t,,60,0.094,137.53,100000,Form_3350_8-22.pdf,2022-08-01
amam,easy_term,NE,53,male,1,10,150000,150000,standard_t,,60,0.094,203.47,150000,Form_3350_8-22.pdf,2022-08-01
amam,easy_term,NE,53,male,1,10,200000,200000,standard_t,,60,0.094,269.41,200000,Form_3350_8-22.pdf,2022-08-01
amam,easy_term,NE,53,male,1,10,250000,250000,standard_t,,60,0.094,335.35,250000,Form_3350_8-22.pdf,2022-08-01
amam,easy_term,NE,53,male,1,10,300000,300000,standard_t,,60,0.094,401.29,300000,Form_3350_8-22.pdf,2022-08-01
amam,easy_term,NE,54,male,0,10,100000,100000,standard_nt,,60,0.094,63.36,100000,Form_3350_8-22.pdf,2022-08-01
amam,easy_term,NE,54,male,0,10,150000,150000,standard_nt,,60,0.094,92.22,150000,Form_3350_8-22.pdf,2022-08-01
amam,easy_term,NE,54,male,0,10,200000,200000,standard_nt,,60,0.094,121.08,200000,Form_3350_8-22.pdf,2022-08-01
amam,easy_term,NE,54,male,0,10,250000,250000,standard_nt,,60,0.094,149.93,250000,Form_3350_8-22.pdf,2022-08-01
amam,easy_term,NE,54,male,0,10,300000,300000,standard_nt,,60,0.094,178.79,300000,Form_3350_8-22.pdf,2022-08-01
amam,easy_term,NE,54,male,1,10,100000,100000,standard_t,,60,0.094,149.09,100000,Form_3350_8-22.pdf,2022-08-01
amam,easy_term,NE,54,male,1,10,150000,150000,standard_t,,60,0.094,220.81,150000,Form_3350_8-22.pdf,2022-08-01
amam,easy_term,NE,54,male,1,10,200000,200000,standard_t,,60,0.094,292.53,200000,Form_3350_8-22.pdf,2022-08-01
amam,easy_term,NE,54,male,1,10,250000,250000,standard_t,,60,0.094,364.25,250000,Form_3350_8-22.pdf,2022-08-01
amam,easy_term,NE,54,male,1,10,300000,300000,standard_t,,60,0.094,435.98,300000,Form_3350_8-22.pdf,2022-08-01
amam,easy_term,NE,55,male,0,10,100000,100000,standard_nt,,60,0.094,67.97,100000,Form_3350_8-22.pdf,2022-08-01
amam,easy_term,NE,55,male,0,10,150000,150000,standard_nt,,60,0.094,99.13,150000,Form_3350_8-22.pdf,2022-08-01
amam,easy_term,NE,55,male,0,10,200000,200000,standard_nt,,60,0.094,130.29,200000,Form_3350_8-22.pdf,2022-08-01
amam,easy_term,NE,55,male,0,10,250000,250000,standard_nt,,60,0.094,161.45,250000,Form_3350_8-22.pdf,2022-08-01
amam,easy_term,NE,55,male,0,10,300000,300000,standard_nt,,60,0.094,192.61,300000,Form_3350_8-22.pdf,2022-08-01
amam,easy_term,NE,55,male,1,10,100000,100000,standard_t,,60,0.094,161.40,100000,Form_3350_8-22.pdf,2022-08-01
amam,easy_term,NE,55,male,1,10,150000,150000,standard_t,,60,0.094,239.28,150000,Form_3350_8-22.pdf,2022-08-01
amam,easy_term,NE,55,male,1,10,200000,200000,standard_t,,60,0.094,317.16,200000,Form_3350_8-22.pdf,2022-08-01
amam,easy_term,NE,55,male,1,10,250000,250000,standard_t,,60,0.094,395.04,250000,Form_3350_8-22.pdf,2022-08-01
amam,easy_term,NE,55,male,1,10,300000,300000,standard_t,,60,0.094,472.92,300000,Form_3350_8-22.pdf,2022-08-01
amam,easy_term,NE,56,male,0,10,100000,100000,standard_nt,,60,0.094,72.76,100000,Form_3350_8-22.pdf,2022-08-01
amam,easy_term,NE,56,male,0,10,150000,150000,standard_nt,,60,0.094,106.32,150000,Form_3350_8-22.pdf,2022-08-01
amam,easy_term,NE,56,male,0,10,200000,200000,standard_nt,,60,0.094,139.88,200000,Form_3350_8-22.pdf,2022-08-01
amam,easy_term,NE,56,male,0,10,250000,250000,standard_nt,,60,0.094,173.43,250000,Form_3350_8-22.pdf,2022-08-01
amam,easy_term,NE,56,male,0,10,300000,300000,standard_nt,,60,0.094,206.99,300000,Form_3350_8-22.pdf,2022-08-01
amam,easy_term,NE,56,male,1,10,100000,100000,standard_t,,60,0.094,174.56,100000,Form_3350_8-22.pdf,2022-08-01
amam,easy_term,NE,56,male,1,10,150000,150000,standard_t,,60,0.094,259.02,150000,Form_3350_8-22.pdf,2022-08-01
amam,easy_term,NE,56,male,1,10,200000,200000,standard_t,,60,0.094,343.48,200000,Form_3350_8-22.pdf,2022-08-01
amam,easy_term,NE,56,male,1,10,250000,250000,standard_t,,60,0.094,427.94,250000,Form_3350_8-22.pdf,2022-08-01
amam,easy_term,NE,56,male,1,10,300000,300000,standard_t,,60,0.094,512.40,300000,Form_3350_8-22.pdf,2022-08-01
amam,easy_term,NE,57,male,0,10,100000,100000,standard_nt,,60,0.094,77.84,100000,Form_3350_8-22.pdf,2022-08-01
amam,easy_term,NE,57,male,0,10,150000,150000,standard_nt,,60,0.094,113.93,150000,Form_3350_8-22.pdf,2022-08-01
amam,easy_term,NE,57,male,0,10,200000,200000,standard_nt,,60,0.094,150.03,200000,Form_3350_8-22.pdf,2022-08-01
amam,easy_term,NE,57,male,0,10,250000,250000,standard_nt,,60,0.094,186.12,250000,Form_3350_8-22.pdf,2022-08-01
amam,easy_term,NE,57,male,0,10,300000,300000,standard_nt,,60,0.094,222.22,300000,Form_3350_8-22.pdf,2022-08-01
amam,easy_term,NE,57,male,1,10,100000,100000,standard_t,,60,0.094,188.29,100000,Form_3350_8-22.pdf,2022-08-01
amam,easy_term,NE,57,male,1,10,150000,150000,standard_t,,60,0.094,279.61,150000,Form_3350_8-22.pdf,2022-08-01
amam,easy_term,NE,57,male,1,10,200000,200000,standard_t,,60,0.094,370.93,200000,Form_3350_8-22.pdf,2022-08-01
amam,easy_term,NE,57,male,1,10,250000,250000,standard_t,,60,0.094,462.25,250000,Form_3350_8-22.pdf,2022-08-01
amam,easy_term,NE,57,male,1,10,300000,300000,standard_t,,60,0.094,553.57,300000,Form_3350_8-22.pdf,2022-08-01
amam,easy_term,NE,58,male,0,10,100000,100000,standard_nt,,60,0.094,83.19,100000,Form_3350_8-22.pdf,2022-08-01
amam,easy_term,NE,58,male,0,10,150000,150000,standard_nt,,60,0.094,121.97,150000,Form_3350_8-22.pdf,2022-08-01
amam,easy_term,NE,58,male,0,10,200000,200000,standard_nt,,60,0.094,160.74,200000,Form_3350_8-22.pdf,2022-08-01
amam,easy_term,NE,58,male,0,10,250000,250000,standard_nt,,60,0.094,199.52,250000,Form_3350_8-22.pdf,2022-08-01
amam,easy_term,NE,58,male,0,10,300000,300000,standard_nt,,60,0.094,238.29,300000,Form_3350_8-22.pdf,2022-08-01
amam,easy_term,NE,58,male,1,10,100000,100000,standard_t,,60,0.094,202.95,100000,Form_3350_8-22.pdf,2022-08-01
amam,easy_term,NE,58,male,1,10,150000,150000,standard_t,,60,0.094,301.60,150000,Form_3350_8-22.pdf,2022-08-01
amam,easy_term,NE,58,male,1,10,200000,200000,standard_t,,60,0.094,400.26,200000,Form_3350_8-22.pdf,2022-08-01
amam,easy_term,NE,58,male,1,10,250000,250000,standard_t,,60,0.094,498.91,250000,Form_3350_8-22.pdf,2022-08-01
amam,easy_term,NE,58,male,1,10,300000,300000,standard_t,,60,0.094,597.56,300000,Form_3350_8-22.pdf,2022-08-01
amam,easy_term,NE,59,male,0,10,100000,100000,standard_nt,,60,0.094,88.74,100000,Form_3350_8-22.pdf,2022-08-01
amam,easy_term,NE,59,male,0,10,150000,150000,standard_nt,,60,0.094,130.29,150000,Form_3350_8-22.pdf,2022-08-01
amam,easy_term,NE,59,male,0,10,200000,200000,standard_nt,,60,0.094,171.84,200000,Form_3350_8-22.pdf,2022-08-01
amam,easy_term,NE,59,male,0,10,250000,250000,standard_nt,,60,0.094,213.38,250000,Form_3350_8-22.pdf,2022-08-01
amam,easy_term,NE,59,male,0,10,300000,300000,standard_nt,,60,0.094,254.93,300000,Form_3350_8-22.pdf,2022-08-01
amam,easy_term,NE,59,male,1,10,100000,100000,standard_t,,60,0.094,218.46,100000,Form_3350_8-22.pdf,2022-08-01
amam,easy_term,NE,59,male,1,10,150000,150000,standard_t,,60,0.094,324.87,150000,Form_3350_8-22.pdf,2022-08-01
amam,easy_term,NE,59,male,1,10,200000,200000,standard_t,,60,0.094,431.28,200000,Form_3350_8-22.pdf,2022-08-01
amam,easy_term,NE,59,male,1,10,250000,250000,standard_t,,60,0.094,537.68,250000,Form_3350_8-22.pdf,2022-08-01
amam,easy_term,NE,59,male,1,10,300000,300000,standard_t,,60,0.094,644.09,300000,Form_3350_8-22.pdf,2022-08-01
amam,easy_term,NE,60,male,0,10,100000,100000,standard_nt,,60,0.094,94.47,100000,Form_3350_8-22.pdf,2022-08-01
amam,easy_term,NE,60,male,0,10,150000,150000,standard_nt,,60,0.094,138.89,150000,Form_3350_8-22.pdf,2022-08-01
amam,easy_term,NE,60,male,0,10,200000,200000,standard_nt,,60,0.094,183.30,200000,Form_3350_8-22.pdf,2022-08-01
amam,easy_term,NE,60,male,0,10,250000,250000,standard_nt,,60,0.094,227.72,250000,Form_3350_8-22.pdf,2022-08-01
amam,easy_term,NE,60,male,0,10,300000,300000,standard_nt,,60,0.094,272.13,300000,Form_3350_8-22.pdf,2022-08-01
amam,easy_term,NE,60,male,1,10,100000,100000,standard_t,,60,0.094,234.63,100000,Form_3350_8-22.pdf,2022-08-01
amam,easy_term,NE,60,male,1,10,150000,150000,standard_t,,60,0.094,349.12,150000,Form_3350_8-22.pdf,2022-08-01
amam,easy_term,NE,60,male,1,10,200000,200000,standard_t,,60,0.094,463.61,200000,Form_3350_8-22.pdf,2022-08-01
amam,easy_term,NE,60,male,1,10,250000,250000,standard_t,,60,0.094,578.10,250000,Form_3350_8-22.pdf,2022-08-01
amam,easy_term,NE,60,male,1,10,300000,300000,standard_t,,60,0.094,692.60,300000,Form_3350_8-22.pdf,2022-08-01
amam,easy_term,NE,61,male,0,10,100000,100000,standard_nt,,60,0.094,103.12,100000,Form_3350_8-22.pdf,2022-08-01
amam,easy_term,NE,61,male,0,10,150000,150000,standard_nt,,60,0.094,151.86,150000,Form_3350_8-22.pdf,2022-08-01
amam,easy_term,NE,61,male,0,10,200000,200000,standard_nt,,60,0.094,200.60,200000,Form_3350_8-22.pdf,2022-08-01
amam,easy_term,NE,61,male,0,10,250000,250000,standard_nt,,60,0.094,249.34,250000,Form_3350_8-22.pdf,2022-08-01
amam,easy_term,NE,61,male,0,10,300000,300000,standard_nt,,60,0.094,298.08,300000,Form_3350_8-22.pdf,2022-08-01
amam,easy_term,NE,61,male,1,10,100000,100000,standard_t,,60,0.094,259.07,100000,Form_3350_8-22.pdf,2022-08-01
amam,easy_term,NE,61,male,1,10,150000,150000,standard_t,,60,0.094,385.78,150000,Form_3350_8-22.pdf,2022-08-01
amam,easy_term,NE,61,male,1,10,200000,200000,standard_t,,60,0.094,512.49,200000,Form_3350_8-22.pdf,2022-08-01
amam,easy_term,NE,61,male,1,10,250000,250000,standard_t,,60,0.094,639.20,250000,Form_3350_8-22.pdf,2022-08-01
amam,easy_term,NE,61,male,1,10,300000,300000,standard_t,,60,0.094,765.92,300000,Form_3350_8-22.pdf,2022-08-01
amam,easy_term,NE,62,male,0,10,100000,100000,standard_nt,,60,0.094,112.33,100000,Form_3350_8-22.pdf,2022-08-01
amam,easy_term,NE,62,male,0,10,150000,150000,standard_nt,,60,0.094,165.68,150000,Form_3350_8-22.pdf,2022-08-01
amam,easy_term,NE,62,male,0,10,200000,200000,standard_nt,,60,0.094,219.02,200000,Form_3350_8-22.pdf,2022-08-01
amam,easy_term,NE,62,male,0,10,250000,250000,standard_nt,,60,0.094,272.37,250000,Form_3350_8-22.pdf,2022-08-01
amam,easy_term,NE,62,male,0,10,300000,300000,standard_nt,,60,0.094,325.71,300000,Form_3350_8-22.pdf,2022-08-01
amam,easy_term,NE,62,male,1,10,100000,100000,standard_t,,60,0.094,285.01,100000,Form_3350_8-22.pdf,2022-08-01
amam,easy_term,NE,62,male,1,10,150000,150000,standard_t,,60,0.094,424.70,150000,Form_3350_8-22.pdf,2022-08-01
amam,easy_term,NE,62,male,1,10,200000,200000,standard_t,,60,0.094,564.38,200000,Form_3350_8-22.pdf,2022-08-01
amam,easy_term,NE,62,male,1,10,250000,250000,standard_t,,60,0.094,704.06,250000,Form_3350_8-22.pdf,2022-08-01
amam,easy_term,NE,62,male,1,10,300000,300000,standard_t,,60,0.094,843.75,300000,Form_3350_8-22.pdf,2022-08-01
amam,easy_term,NE,63,male,0,10,100000,100000,standard_nt,,60,0.094,122.49,100000,Form_3350_8-22.pdf,2022-08-01
amam,easy_term,NE,63,male,0,10,150000,150000,standard_nt,,60,0.094,180.91,150000,Form_3350_8-22.pdf,2022-08-01
amam,easy_term,NE,63,male,0,10,200000,200000,standard_nt,,60,0.094,239.33,200000,Form_3350_8-22.pdf,2022-08-01
amam,easy_term,NE,63,male,0,10,250000,250000,standard_nt,,60,0.094,297.75,250000,Form_3350_8-22.pdf,2022-08-01
amam,easy_term,NE,63,male,0,10,300000,300000,standard_nt,,60,0.094,356.17,300000,Form_3350_8-22.pdf,2022-08-01
amam,easy_term,NE,63,male,1,10,100000,100000,standard_t,,60,0.094,313.21,100000,Form_3350_8-22.pdf,2022-08-01
amam,easy_term,NE,63,male,1,10,150000,150000,standard_t,,60,0.094,467.00,150000,Form_3350_8-22.pdf,2022-08-01
amam,easy_term,NE,63,male,1,10,200000,200000,standard_t,,60,0.094,620.78,200000,Form_3350_8-22.pdf,2022-08-01
amam,easy_term,NE,63,male,1,10,250000,250000,standard_t,,60,0.094,774.56,250000,Form_3350_8-22.pdf,2022-08-01
amam,easy_term,NE,63,male,1,10,300000,300000,standard_t,,60,0.094,928.35,300000,Form_3350_8-22.pdf,2022-08-01
amam,easy_term,NE,64,male,0,10,100000,100000,standard_nt,,60,0.094,133.48,100000,Form_3350_8-22.pdf,2022-08-01
amam,easy_term,NE,64,male,0,10,150000,150000,standard_nt,,60,0.094,197.40,150000,Form_3350_8-22.pdf,2022-08-01
amam,easy_term,NE,64,male,0,10,200000,200000,standard_nt,,60,0.094,261.32,200000,Form_3350_8-22.pdf,2022-08-01
amam,easy_term,NE,64,male,0,10,250000,250000,standard_nt,,60,0.094,325.24,250000,Form_3350_8-22.pdf,2022-08-01
amam,easy_term,NE,64,male,0,10,300000,300000,standard_nt,,60,0.094,389.16,300000,Form_3350_8-22.pdf,2022-08-01
amam,easy_term,NE,64,male,1,10,100000,100000,standard_t,,60,0.094,343.67,100000,Form_3350_8-22.pdf,2022-08-01
amam,easy_term,NE,64,male,1,10,150000,150000,standard_t,,60,0.094,512.68,150000,Form_3350_8-22.pdf,2022-08-01
amam,easy_term,NE,64,male,1,10,200000,200000,standard_t,,60,0.094,681.69,200000,Form_3350_8-22.pdf,2022-08-01
amam,easy_term,NE,64,male,1,10,250000,250000,standard_t,,60,0.094,850.70,250000,Form_3350_8-22.pdf,2022-08-01
amam,easy_term,NE,64,male,1,10,300000,300000,standard_t,,60,0.094,1019.72,300000,Form_3350_8-22.pdf,2022-08-01
amam,easy_term,NE,66,male,0,10,100000,100000,standard_nt,,60,0.094,158.77,100000,Form_3350_8-22.pdf,2022-08-01
amam,easy_term,NE,66,male,0,10,150000,150000,standard_nt,,60,0.094,235.33,150000,Form_3350_8-22.pdf,2022-08-01
amam,easy_term,NE,66,male,0,10,200000,200000,standard_nt,,60,0.094,311.90,200000,Form_3350_8-22.pdf,2022-08-01
amam,easy_term,NE,66,male,0,10,250000,250000,standard_nt,,60,0.094,388.46,250000,Form_3350_8-22.pdf,2022-08-01
amam,easy_term,NE,66,male,0,10,300000,300000,standard_nt,,60,0.094,465.02,300000,Form_3350_8-22.pdf,2022-08-01
amam,easy_term,NE,66,male,1,10,100000,100000,standard_t,,60,0.094,412.76,100000,Form_3350_8-22.pdf,2022-08-01
amam,easy_term,NE,66,male,1,10,150000,150000,standard_t,,60,0.094,616.32,150000,Form_3350_8-22.pdf,2022-08-01
amam,easy_term,NE,66,male,1,10,200000,200000,standard_t,,60,0.094,819.87,200000,Form_3350_8-22.pdf,2022-08-01
amam,easy_term,NE,66,male,1,10,250000,250000,standard_t,,60,0.094,1023.43,250000,Form_3350_8-22.pdf,2022-08-01
amam,easy_term,NE,66,male,1,10,300000,300000,standard_t,,60,0.094,1226.99,300000,Form_3350_8-22.pdf,2022-08-01
amam,easy_term,NE,67,male,0,10,100000,100000,standard_nt,,60,0.094,173.34,100000,Form_3350_8-22.pdf,2022-08-01
amam,easy_term,NE,67,male,0,10,150000,150000,standard_nt,,60,0.094,257.19,150000,Form_3350_8-22.pdf,2022-08-01
amam,easy_term,NE,67,male,0,10,200000,200000,standard_nt,,60,0.094,341.04,200000,Form_3350_8-22.pdf,2022-08-01
amam,easy_term,NE,67,male,0,10,250000,250000,standard_nt,,60,0.094,424.88,250000,Form_3350_8-22.pdf,2022-08-01
amam,easy_term,NE,67,male,0,10,300000,300000,standard_nt,,60,0.094,508.73,300000,Form_3350_8-22.pdf,2022-08-01
amam,easy_term,NE,67,male,1,10,100000,100000,standard_t,,60,0.094,452.80,100000,Form_3350_8-22.pdf,2022-08-01
amam,easy_term,NE,67,male,1,10,150000,150000,standard_t,,60,0.094,676.38,150000,Form_3350_8-22.pdf,2022-08-01
amam,easy_term,NE,67,male,1,10,200000,200000,standard_t,,60,0.094,899.96,200000,Form_3350_8-22.pdf,2022-08-01
amam,easy_term,NE,67,male,1,10,250000,250000,standard_t,,60,0.094,1123.54,250000,Form_3350_8-22.pdf,2022-08-01
amam,easy_term,NE,67,male,1,10,300000,300000,standard_t,,60,0.094,1347.12,300000,Form_3350_8-22.pdf,2022-08-01
amam,easy_term,NE,68,male,0,10,100000,100000,standard_nt,,60,0.094,189.51,100000,Form_3350_8-22.pdf,2022-08-01
amam,easy_term,NE,68,male,0,10,150000,150000,standard_nt,,60,0.094,281.44,150000,Form_3350_8-22.pdf,2022-08-01
amam,easy_term,NE,68,male,0,10,200000,200000,standard_nt,,60,0.094,373.37,200000,Form_3350_8-22.pdf,2022-08-01
amam,easy_term,NE,68,male,0,10,250000,250000,standard_nt,,60,0.094,465.30,250000,Form_3350_8-22.pdf,2022-08-01
amam,easy_term,NE,68,male,0,10,300000,300000,standard_nt,,60,0.094,557.24,300000,Form_3350_8-22.pdf,2022-08-01
amam,easy_term,NE,68,male,1,10,100000,100000,standard_t,,60,0.094,497.64,100000,Form_3350_8-22.pdf,2022-08-01
amam,easy_term,NE,68,male,1,10,150000,150000,standard_t,,60,0.094,743.64,150000,Form_3350_8-22.pdf,2022-08-01
amam,easy_term,NE,68,male,1,10,200000,200000,standard_t,,60,0.094,989.64,200000,Form_3350_8-22.pdf,2022-08-01
amam,easy_term,NE,68,male,1,10,250000,250000,standard_t,,60,0.094,1235.63,250000,Form_3350_8-22.pdf,2022-08-01
amam,easy_term,NE,68,male,1,10,300000,300000,standard_t,,60,0.094,1481.63,300000,Form_3350_8-22.pdf,2022-08-01
amam,easy_term,NE,69,male,0,10,100000,100000,standard_nt,,60,0.094,207.84,100000,Form_3350_8-22.pdf,2022-08-01
amam,easy_term,NE,69,male,0,10,150000,150000,standard_nt,,60,0.094,308.94,150000,Form_3350_8-22.pdf,2022-08-01
amam,easy_term,NE,69,male,0,10,200000,200000,standard_nt,,60,0.094,410.03,200000,Form_3350_8-22.pdf,2022-08-01
amam,easy_term,NE,69,male,0,10,250000,250000,standard_nt,,60,0.094,511.13,250000,Form_3350_8-22.pdf,2022-08-01
amam,easy_term,NE,69,male,0,10,300000,300000,standard_nt,,60,0.094,612.23,300000,Form_3350_8-22.pdf,2022-08-01
amam,easy_term,NE,69,male,1,10,100000,100000,standard_t,,60,0.094,548.31,100000,Form_3350_8-22.pdf,2022-08-01
amam,easy_term,NE,69,male,1,10,150000,150000,standard_t,,60,0.094,819.64,150000,Form_3350_8-22.pdf,2022-08-01
amam,easy_term,NE,69,male,1,10,200000,200000,standard_t,,60,0.094,1090.97,200000,Form_3350_8-22.pdf,2022-08-01
amam,easy_term,NE,69,male,1,10,250000,250000,standard_t,,60,0.094,1362.30,250000,Form_3350_8-22.pdf,2022-08-01
amam,easy_term,NE,69,male,1,10,300000,300000,standard_t,,60,0.094,1633.63,300000,Form_3350_8-22.pdf,2022-08-01
amam,easy_term,NE,70,male,0,10,100000,100000,standard_nt,,60,0.094,228.33,100000,Form_3350_8-22.pdf,2022-08-01
amam,easy_term,NE,70,male,0,10,150000,150000,standard_nt,,60,0.094,339.67,150000,Form_3350_8-22.pdf,2022-08-01
amam,easy_term,NE,70,male,0,10,200000,200000,standard_nt,,60,0.094,451.02,200000,Form_3350_8-22.pdf,2022-08-01
amam,easy_term,NE,70,male,0,10,250000,250000,standard_nt,,60,0.094,562.36,250000,Form_3350_8-22.pdf,2022-08-01
amam,easy_term,NE,70,male,0,10,300000,300000,standard_nt,,60,0.094,673.70,300000,Form_3350_8-22.pdf,2022-08-01
amam,easy_term,NE,70,male,1,10,100000,100000,standard_t,,60,0.094,605.46,100000,Form_3350_8-22.pdf,2022-08-01
amam,easy_term,NE,70,male,1,10,150000,150000,standard_t,,60,0.094,905.37,150000,Form_3350_8-22.pdf,2022-08-01
amam,easy_term,NE,70,male,1,10,200000,200000,standard_t,,60,0.094,1205.27,200000,Form_3350_8-22.pdf,2022-08-01
amam,easy_term,NE,70,male,1,10,250000,250000,standard_t,,60,0.094,1505.18,250000,Form_3350_8-22.pdf,2022-08-01
amam,easy_term,NE,70,male,1,10,300000,300000,standard_t,,60,0.094,1805.09,300000,Form_3350_8-22.pdf,2022-08-01
amam,easy_term,NE,18,male,0,20,100000,100000,standard_nt,,60,0.094,27.55,100000,Form_3350_8-22.pdf,2022-08-01
amam,easy_term,NE,18,male,0,20,150000,150000,standard_nt,,60,0.094,38.50,150000,Form_3350_8-22.pdf,2022-08-01
amam,easy_term,NE,18,male,0,20,200000,200000,standard_nt,,60,0.094,49.45,200000,Form_3350_8-22.pdf,2022-08-01
amam,easy_term,NE,18,male,0,20,250000,250000,standard_nt,,60,0.094,60.40,250000,Form_3350_8-22.pdf,2022-08-01
amam,easy_term,NE,18,male,0,20,300000,300000,standard_nt,,60,0.094,71.35,300000,Form_3350_8-22.pdf,2022-08-01
amam,easy_term,NE,18,male,0,20,400000,400000,standard_nt,,60,0.094,93.25,400000,Form_3350_8-22.pdf,2022-08-01
amam,easy_term,NE,18,male,0,20,500000,500000,standard_nt,,60,0.094,115.15,500000,Form_3350_8-22.pdf,2022-08-01
amam,easy_term,NE,18,male,1,20,100000,100000,standard_t,,60,0.094,48.98,100000,Form_3350_8-22.pdf,2022-08-01
amam,easy_term,NE,18,male,1,20,150000,150000,standard_t,,60,0.094,70.65,150000,Form_3350_8-22.pdf,2022-08-01
amam,easy_term,NE,18,male,1,20,200000,200000,standard_t,,60,0.094,92.31,200000,Form_3350_8-22.pdf,2022-08-01
amam,easy_term,NE,18,male,1,20,250000,250000,standard_t,,60,0.094,113.98,250000,Form_3350_8-22.pdf,2022-08-01
amam,easy_term,NE,18,male,1,20,300000,300000,standard_t,,60,0.094,135.65,300000,Form_3350_8-22.pdf,2022-08-01
amam,easy_term,NE,18,male,1,20,400000,400000,standard_t,,60,0.094,178.98,400000,Form_3350_8-22.pdf,2022-08-01
amam,easy_term,NE,18,male,1,20,500000,500000,standard_t,,60,0.094,222.31,500000,Form_3350_8-22.pdf,2022-08-01
amam,easy_term,NE,19,male,0,20,100000,100000,standard_nt,,60,0.094,27.55,100000,Form_3350_8-22.pdf,2022-08-01
amam,easy_term,NE,19,male,0,20,150000,150000,standard_nt,,60,0.094,38.50,150000,Form_3350_8-22.pdf,2022-08-01
amam,easy_term,NE,19,male,0,20,200000,200000,standard_nt,,60,0.094,49.45,200000,Form_3350_8-22.pdf,2022-08-01
amam,easy_term,NE,19,male,0,20,250000,250000,standard_nt,,60,0.094,60.40,250000,Form_3350_8-22.pdf,2022-08-01
amam,easy_term,NE,19,male,0,20,300000,300000,standard_nt,,60,0.094,71.35,300000,Form_3350_8-22.pdf,2022-08-01
amam,easy_term,NE,19,male,0,20,400000,400000,standard_nt,,60,0.094,93.25,400000,Form_3350_8-22.pdf,2022-08-01
amam,easy_term,NE,19,male,0,20,500000,500000,standard_nt,,60,0.094,115.15,500000,Form_3350_8-22.pdf,2022-08-01
amam,easy_term,NE,19,male,1,20,100000,100000,standard_t,,60,0.094,48.98,100000,Form_3350_8-22.pdf,2022-08-01
amam,easy_term,NE,19,male,1,20,150000,150000,standard_t,,60,0.094,70.65,150000,Form_3350_8-22.pdf,2022-08-01
amam,easy_term,NE,19,male,1,20,200000,200000,standard_t,,60,0.094,92.31,200000,Form_3350_8-22.pdf,2022-08-01
amam,easy_term,NE,19,male,1,20,250000,250000,standard_t,,60,0.094,113.98,250000,Form_3350_8-22.pdf,2022-08-01
amam,easy_term,NE,19,male,1,20,300000,300000,standard_t,,60,0.094,135.65,300000,Form_3350_8-22.pdf,2022-08-01
amam,easy_term,NE,19,male,1,20,400000,400000,standard_t,,60,0.094,178.98,400000,Form_3350_8-22.pdf,2022-08-01
amam,easy_term,NE,19,male,1,20,500000,500000,standard_t,,60,0.094,222.31,500000,Form_3350_8-22.pdf,2022-08-01
amam,easy_term,NE,20,male,0,20,100000,100000,standard_nt,,60,0.094,27.55,100000,Form_3350_8-22.pdf,2022-08-01
amam,easy_term,NE,20,male,0,20,150000,150000,standard_nt,,60,0.094,38.50,150000,Form_3350_8-22.pdf,2022-08-01
amam,easy_term,NE,20,male,0,20,200000,200000,standard_nt,,60,0.094,49.45,200000,Form_3350_8-22.pdf,2022-08-01
amam,easy_term,NE,20,male,0,20,250000,250000,standard_nt,,60,0.094,60.40,250000,Form_3350_8-22.pdf,2022-08-01
amam,easy_term,NE,20,male,0,20,300000,300000,standard_nt,,60,0.094,71.35,300000,Form_3350_8-22.pdf,2022-08-01
amam,easy_term,NE,20,male,0,20,400000,400000,standard_nt,,60,0.094,93.25,400000,Form_3350_8-22.pdf,2022-08-01
amam,easy_term,NE,20,male,0,20,500000,500000,standard_nt,,60,0.094,115.15,500000,Form_3350_8-22.pdf,2022-08-01
amam,easy_term,NE,20,male,1,20,100000,100000,standard_t,,60,0.094,48.98,100000,Form_3350_8-22.pdf,2022-08-01
amam,easy_term,NE,20,male,1,20,150000,150000,standard_t,,60,0.094,70.65,150000,Form_3350_8-22.pdf,2022-08-01
amam,easy_term,NE,20,male,1,20,200000,200000,standard_t,,60,0.094,92.31,200000,Form_3350_8-22.pdf,2022-08-01
amam,easy_term,NE,20,male,1,20,250000,250000,standard_t,,60,0.094,113.98,250000,Form_3350_8-22.pdf,2022-08-01
amam,easy_term,NE,20,male,1,20,300000,300000,standard_t,,60,0.094,135.65,300000,Form_3350_8-22.pdf,2022-08-01
amam,easy_term,NE,20,male,1,20,400000,400000,standard_t,,60,0.094,178.98,400000,Form_3350_8-22.pdf,2022-08-01
amam,easy_term,NE,20,male,1,20,500000,500000,standard_t,,60,0.094,222.31,500000,Form_3350_8-22.pdf,2022-08-01
amam,easy_term,NE,21,male,0,20,100000,100000,standard_nt,,60,0.094,27.55,100000,Form_3350_8-22.pdf,2022-08-01
amam,easy_term,NE,21,male,0,20,150000,150000,standard_nt,,60,0.094,38.50,150000,Form_3350_8-22.pdf,2022-08-01
amam,easy_term,NE,21,male,0,20,200000,200000,standard_nt,,60,0.094,49.45,200000,Form_3350_8-22.pdf,2022-08-01
amam,easy_term,NE,21,male,0,20,250000,250000,standard_nt,,60,0.094,60.40,250000,Form_3350_8-22.pdf,2022-08-01
amam,easy_term,NE,21,male,0,20,300000,300000,standard_nt,,60,0.094,71.35,300000,Form_3350_8-22.pdf,2022-08-01
amam,easy_term,NE,21,male,0,20,400000,400000,standard_nt,,60,0.094,93.25,400000,Form_3350_8-22.pdf,2022-08-01
amam,easy_term,NE,21,male,0,20,500000,500000,standard_nt,,60,0.094,115.15,500000,Form_3350_8-22.pdf,2022-08-01
amam,easy_term,NE,21,male,1,20,100000,100000,standard_t,,60,0.094,48.98,100000,Form_3350_8-22.pdf,2022-08-01
amam,easy_term,NE,21,male,1,20,150000,150000,standard_t,,60,0.094,70.65,150000,Form_3350_8-22.pdf,2022-08-01
amam,easy_term,NE,21,male,1,20,200000,200000,standard_t,,60,0.094,92.31,200000,Form_3350_8-22.pdf,2022-08-01
amam,easy_term,NE,21,male,1,20,250000,250000,standard_t,,60,0.094,113.98,250000,Form_3350_8-22.pdf,2022-08-01
amam,easy_term,NE,21,male,1,20,300000,300000,standard_t,,60,0.094,135.65,300000,Form_3350_8-22.pdf,2022-08-01
amam,easy_term,NE,21,male,1,20,400000,400000,standard_t,,60,0.094,178.98,400000,Form_3350_8-22.pdf,2022-08-01
amam,easy_term,NE,21,male,1,20,500000,500000,standard_t,,60,0.094,222.31,500000,Form_3350_8-22.pdf,2022-08-01
amam,easy_term,NE,22,male,0,20,100000,100000,standard_nt,,60,0.094,27.55,100000,Form_3350_8-22.pdf,2022-08-01
amam,easy_term,NE,22,male,0,20,150000,150000,standard_nt,,60,0.094,38.50,150000,Form_3350_8-22.pdf,2022-08-01
amam,easy_term,NE,22,male,0,20,200000,200000,standard_nt,,60,0.094,49.45,200000,Form_3350_8-22.pdf,2022-08-01
amam,easy_term,NE,22,male,0,20,250000,250000,standard_nt,,60,0.094,60.40,250000,Form_3350_8-22.pdf,2022-08-01
amam,easy_term,NE,22,male,0,20,300000,300000,standard_nt,,60,0.094,71.35,300000,Form_3350_8-22.pdf,2022-08-01
amam,easy_term,NE,22,male,0,20,400000,400000,standard_nt,,60,0.094,93.25,400000,Form_3350_8-22.pdf,2022-08-01
amam,easy_term,NE,22,male,0,20,500000,500000,standard_nt,,60,0.094,115.15,500000,Form_3350_8-22.pdf,2022-08-01
amam,easy_term,NE,22,male,1,20,100000,100000,standard_t,,60,0.094,48.98,100000,Form_3350_8-22.pdf,2022-08-01
amam,easy_term,NE,22,male,1,20,150000,150000,standard_t,,60,0.094,70.65,150000,Form_3350_8-22.pdf,2022-08-01
amam,easy_term,NE,22,male,1,20,200000,200000,standard_t,,60,0.094,92.31,200000,Form_3350_8-22.pdf,2022-08-01
amam,easy_term,NE,22,male,1,20,250000,250000,standard_t,,60,0.094,113.98,250000,Form_3350_8-22.pdf,2022-08-01
amam,easy_term,NE,22,male,1,20,300000,300000,standard_t,,60,0.094,135.65,300000,Form_3350_8-22.pdf,2022-08-01
amam,easy_term,NE,22,male,1,20,400000,400000,standard_t,,60,0.094,178.98,400000,Form_3350_8-22.pdf,2022-08-01
amam,easy_term,NE,22,male,1,20,500000,500000,standard_t,,60,0.094,222.31,500000,Form_3350_8-22.pdf,2022-08-01
amam,easy_term,NE,23,male,0,20,100000,100000,standard_nt,,60,0.094,27.55,100000,Form_3350_8-22.pdf,2022-08-01
amam,easy_term,NE,23,male,0,20,150000,150000,standard_nt,,60,0.094,38.50,150000,Form_3350_8-22.pdf,2022-08-01
amam,easy_term,NE,23,male,0,20,200000,200000,standard_nt,,60,0.094,49.45,200000,Form_3350_8-22.pdf,2022-08-01
amam,easy_term,NE,23,male,0,20,250000,250000,standard_nt,,60,0.094,60.40,250000,Form_3350_8-22.pdf,2022-08-01
amam,easy_term,NE,23,male,0,20,300000,300000,standard_nt,,60,0.094,71.35,300000,Form_3350_8-22.pdf,2022-08-01
amam,easy_term,NE,23,male,0,20,400000,400000,standard_nt,,60,0.094,93.25,400000,Form_3350_8-22.pdf,2022-08-01
amam,easy_term,NE,23,male,0,20,500000,500000,standard_nt,,60,0.094,115.15,500000,Form_3350_8-22.pdf,2022-08-01
amam,easy_term,NE,23,male,1,20,100000,100000,standard_t,,60,0.094,48.98,100000,Form_3350_8-22.pdf,2022-08-01
amam,easy_term,NE,23,male,1,20,150000,150000,standard_t,,60,0.094,70.65,150000,Form_3350_8-22.pdf,2022-08-01
amam,easy_term,NE,23,male,1,20,200000,200000,standard_t,,60,0.094,92.31,200000,Form_3350_8-22.pdf,2022-08-01
amam,easy_term,NE,23,male,1,20,250000,250000,standard_t,,60,0.094,113.98,250000,Form_3350_8-22.pdf,2022-08-01
amam,easy_term,NE,23,male,1,20,300000,300000,standard_t,,60,0.094,135.65,300000,Form_3350_8-22.pdf,2022-08-01
amam,easy_term,NE,23,male,1,20,400000,400000,standard_t,,60,0.094,178.98,400000,Form_3350_8-22.pdf,2022-08-01
amam,easy_term,NE,23,male,1,20,500000,500000,standard_t,,60,0.094,222.31,500000,Form_3350_8-22.pdf,2022-08-01
amam,easy_term,NE,24,male,0,20,100000,100000,standard_nt,,60,0.094,27.55,100000,Form_3350_8-22.pdf,2022-08-01
amam,easy_term,NE,24,male,0,20,150000,150000,standard_nt,,60,0.094,38.50,150000,Form_3350_8-22.pdf,2022-08-01
amam,easy_term,NE,24,male,0,20,200000,200000,standard_nt,,60,0.094,49.45,200000,Form_3350_8-22.pdf,2022-08-01
amam,easy_term,NE,24,male,0,20,250000,250000,standard_nt,,60,0.094,60.40,250000,Form_3350_8-22.pdf,2022-08-01
amam,easy_term,NE,24,male,0,20,300000,300000,standard_nt,,60,0.094,71.35,300000,Form_3350_8-22.pdf,2022-08-01
amam,easy_term,NE,24,male,0,20,400000,400000,standard_nt,,60,0.094,93.25,400000,Form_3350_8-22.pdf,2022-08-01
amam,easy_term,NE,24,male,0,20,500000,500000,standard_nt,,60,0.094,115.15,500000,Form_3350_8-22.pdf,2022-08-01
amam,easy_term,NE,24,male,1,20,100000,100000,standard_t,,60,0.094,48.98,100000,Form_3350_8-22.pdf,2022-08-01
amam,easy_term,NE,24,male,1,20,150000,150000,standard_t,,60,0.094,70.65,150000,Form_3350_8-22.pdf,2022-08-01
amam,easy_term,NE,24,male,1,20,200000,200000,standard_t,,60,0.094,92.31,200000,Form_3350_8-22.pdf,2022-08-01
amam,easy_term,NE,24,male,1,20,250000,250000,standard_t,,60,0.094,113.98,250000,Form_3350_8-22.pdf,2022-08-01
amam,easy_term,NE,24,male,1,20,300000,300000,standard_t,,60,0.094,135.65,300000,Form_3350_8-22.pdf,2022-08-01
amam,easy_term,NE,24,male,1,20,400000,400000,standard_t,,60,0.094,178.98,400000,Form_3350_8-22.pdf,2022-08-01
amam,easy_term,NE,24,male,1,20,500000,500000,standard_t,,60,0.094,222.31,500000,Form_3350_8-22.pdf,2022-08-01
amam,easy_term,NE,25,male,0,20,100000,100000,standard_nt,,60,0.094,27.55,100000,Form_3350_8-22.pdf,2022-08-01
amam,easy_term,NE,25,male,0,20,150000,150000,standard_nt,,60,0.094,38.50,150000,Form_3350_8-22.pdf,2022-08-01
amam,easy_term,NE,25,male,0,20,200000,200000,standard_nt,,60,0.094,49.45,200000,Form_3350_8-22.pdf,2022-08-01
amam,easy_term,NE,25,male,0,20,250000,250000,standard_nt,,60,0.094,60.40,250000,Form_3350_8-22.pdf,2022-08-01
amam,easy_term,NE,25,male,0,20,300000,300000,standard_nt,,60,0.094,71.35,300000,Form_3350_8-22.pdf,2022-08-01
amam,easy_term,NE,25,male,0,20,400000,400000,standard_nt,,60,0.094,93.25,400000,Form_3350_8-22.pdf,2022-08-01
amam,easy_term,NE,25,male,0,20,500000,500000,standard_nt,,60,0.094,115.15,500000,Form_3350_8-22.pdf,2022-08-01
amam,easy_term,NE,25,male,1,20,100000,100000,standard_t,,60,0.094,48.98,100000,Form_3350_8-22.pdf,2022-08-01
amam,easy_term,NE,25,male,1,20,150000,150000,standard_t,,60,0.094,70.65,150000,Form_3350_8-22.pdf,2022-08-01
amam,easy_term,NE,25,male,1,20,200000,200000,standard_t,,60,0.094,92.31,200000,Form_3350_8-22.pdf,2022-08-01
amam,easy_term,NE,25,male,1,20,250000,250000,standard_t,,60,0.094,113.98,250000,Form_3350_8-22.pdf,2022-08-01
amam,easy_term,NE,25,male,1,20,300000,300000,standard_t,,60,0.094,135.65,300000,Form_3350_8-22.pdf,2022-08-01
amam,easy_term,NE,25,male,1,20,400000,400000,standard_t,,60,0.094,178.98,400000,Form_3350_8-22.pdf,2022-08-01
amam,easy_term,NE,25,male,1,20,500000,500000,standard_t,,60,0.094,222.31,500000,Form_3350_8-22.pdf,2022-08-01
amam,easy_term,NE,26,male,0,20,100000,100000,standard_nt,,60,0.094,27.83,100000,Form_3350_8-22.pdf,2022-08-01
amam,easy_term,NE,26,male,0,20,150000,150000,standard_nt,,60,0.094,38.92,150000,Form_3350_8-22.pdf,2022-08-01
amam,easy_term,NE,26,male,0,20,200000,200000,standard_nt,,60,0.094,50.01,200000,Form_3350_8-22.pdf,2022-08-01
amam,easy_term,NE,26,male,0,20,250000,250000,standard_nt,,60,0.094,61.10,250000,Form_3350_8-22.pdf,2022-08-01
amam,easy_term,NE,26,male,0,20,300000,300000,standard_nt,,60,0.094,72.20,300000,Form_3350_8-22.pdf,2022-08-01
amam,easy_term,NE,26,male,0,20,400000,400000,standard_nt,,60,0.094,94.38,400000,Form_3350_8-22.pdf,2022-08-01
amam,easy_term,NE,26,male,0,20,500000,500000,standard_nt,,60,0.094,116.56,500000,Form_3350_8-22.pdf,2022-08-01
amam,easy_term,NE,26,male,1,20,100000,100000,standard_t,,60,0.094,48.98,100000,Form_3350_8-22.pdf,2022-08-01
amam,easy_term,NE,26,male,1,20,150000,150000,standard_t,,60,0.094,70.65,150000,Form_3350_8-22.pdf,2022-08-01
amam,easy_term,NE,26,male,1,20,200000,200000,standard_t,,60,0.094,92.31,200000,Form_3350_8-22.pdf,2022-08-01
amam,easy_term,NE,26,male,1,20,250000,250000,standard_t,,60,0.094,113.98,250000,Form_3350_8-22.pdf,2022-08-01
amam,easy_term,NE,26,male,1,20,300000,300000,standard_t,,60,0.094,135.65,300000,Form_3350_8-22.pdf,2022-08-01
amam,easy_term,NE,26,male,1,20,400000,400000,standard_t,,60,0.094,178.98,400000,Form_3350_8-22.pdf,2022-08-01
amam,easy_term,NE,26,male,1,20,500000,500000,standard_t,,60,0.094,222.31,500000,Form_3350_8-22.pdf,2022-08-01
amam,easy_term,NE,27,male,0,20,100000,100000,standard_nt,,60,0.094,28.11,100000,Form_3350_8-22.pdf,2022-08-01
amam,easy_term,NE,27,male,0,20,150000,150000,standard_nt,,60,0.094,39.34,150000,Form_3350_8-22.pdf,2022-08-01
amam,easy_term,NE,27,male,0,20,200000,200000,standard_nt,,60,0.094,50.58,200000,Form_3350_8-22.pdf,2022-08-01
amam,easy_term,NE,27,male,0,20,250000,250000,standard_nt,,60,0.094,61.81,250000,Form_3350_8-22.pdf,2022-08-01
amam,easy_term,NE,27,male,0,20,300000,300000,standard_nt,,60,0.094,73.04,300000,Form_3350_8-22.pdf,2022-08-01
amam,easy_term,NE,27,male,0,20,400000,400000,standard_nt,,60,0.094,95.51,400000,Form_3350_8-22.pdf,2022-08-01
amam,easy_term,NE,27,male,0,20,500000,500000,standard_nt,,60,0.094,117.97,500000,Form_3350_8-22.pdf,2022-08-01
amam,easy_term,NE,27,male,1,20,100000,100000,standard_t,,60,0.094,48.98,100000,Form_3350_8-22.pdf,2022-08-01
amam,easy_term,NE,27,male,1,20,150000,150000,standard_t,,60,0.094,70.65,150000,Form_3350_8-22.pdf,2022-08-01
amam,easy_term,NE,27,male,1,20,200000,200000,standard_t,,60,0.094,92.31,200000,Form_3350_8-22.pdf,2022-08-01
amam,easy_term,NE,27,male,1,20,250000,250000,standard_t,,60,0.094,113.98,250000,Form_3350_8-22.pdf,2022-08-01
amam,easy_term,NE,27,male,1,20,300000,300000,standard_t,,60,0.094,135.65,300000,Form_3350_8-22.pdf,2022-08-01
amam,easy_term,NE,27,male,1,20,400000,400000,standard_t,,60,0.094,178.98,400000,Form_3350_8-22.pdf,2022-08-01
amam,easy_term,NE,27,male,1,20,500000,500000,standard_t,,60,0.094,222.31,500000,Form_3350_8-22.pdf,2022-08-01
amam,easy_term,NE,28,male,0,20,100000,100000,standard_nt,,60,0.094,28.20,100000,Form_3350_8-22.pdf,2022-08-01
amam,easy_term,NE,28,male,0,20,150000,150000,standard_nt,,60,0.094,39.48,150000,Form_3350_8-22.pdf,2022-08-01
amam,easy_term,NE,28,male,0,20,200000,200000,standard_nt,,60,0.094,50.76,200000,Form_3350_8-22.pdf,2022-08-01
amam,easy_term,NE,28,male,0,20,250000,250000,standard_nt,,60,0.094,62.04,250000,Form_3350_8-22.pdf,2022-08-01
amam,easy_term,NE,28,male,0,20,300000,300000,standard_nt,,60,0.094,73.32,300000,Form_3350_8-22.pdf,2022-08-01
amam,easy_term,NE,28,male,0,20,400000,400000,standard_nt,,60,0.094,95.88,400000,Form_3350_8-22.pdf,2022-08-01
amam,easy_term,NE,28,male,0,20,500000,500000,standard_nt,,60,0.094,118.44,500000,Form_3350_8-22.pdf,2022-08-01
amam,easy_term,NE,28,male,1,20,100000,100000,standard_t,,60,0.094,48.98,100000,Form_3350_8-22.pdf,2022-08-01
amam,easy_term,NE,28,male,1,20,150000,150000,standard_t,,60,0.094,70.65,150000,Form_3350_8-22.pdf,2022-08-01
amam,easy_term,NE,28,male,1,20,200000,200000,standard_t,,60,0.094,92.31,200000,Form_3350_8-22.pdf,2022-08-01
amam,easy_term,NE,28,male,1,20,250000,250000,standard_t,,60,0.094,113.98,250000,Form_3350_8-22.pdf,2022-08-01
amam,easy_term,NE,28,male,1,20,300000,300000,standard_t,,60,0.094,135.65,300000,Form_3350_8-22.pdf,2022-08-01
amam,easy_term,NE,28,male,1,20,400000,400000,standard_t,,60,0.094,178.98,400000,Form_3350_8-22.pdf,2022-08-01
amam,easy_term,NE,28,male,1,20,500000,500000,standard_t,,60,0.094,222.31,500000,Form_3350_8-22.pdf,2022-08-01
amam,easy_term,NE,29,male,0,20,100000,100000,standard_nt,,60,0.094,28.30,100000,Form_3350_8-22.pdf,2022-08-01
amam,easy_term,NE,29,male,0,20,150000,150000,standard_nt,,60,0.094,39.63,150000,Form_3350_8-22.pdf,2022-08-01
amam,easy_term,NE,29,male,0,20,200000,200000,standard_nt,,60,0.094,50.95,200000,Form_3350_8-22.pdf,2022-08-01
amam,easy_term,NE,29,male,0,20,250000,250000,standard_nt,,60,0.094,62.28,250000,Form_3350_8-22.pdf,2022-08-01
amam,easy_term,NE,29,male,0,20,300000,300000,standard_nt,,60,0.094,73.61,300000,Form_3350_8-22.pdf,2022-08-01
amam,easy_term,NE,29,male,0,20,400000,400000,standard_nt,,60,0.094,96.26,400000,Form_3350_8-22.pdf,2022-08-01
amam,easy_term,NE,29,male,0,20,500000,500000,standard_nt,,60,0.094,118.91,500000,Form_3350_8-22.pdf,2022-08-01
amam,easy_term,NE,29,male,1,20,100000,100000,standard_t,,60,0.094,48.98,100000,Form_3350_8-22.pdf,2022-08-01
amam,easy_term,NE,29,male,1,20,150000,150000,standard_t,,60,0.094,70.65,150000,Form_3350_8-22.pdf,2022-08-01
amam,easy_term,NE,29,male,1,20,200000,200000,standard_t,,60,0.094,92.31,200000,Form_3350_8-22.pdf,2022-08-01
amam,easy_term,NE,29,male,1,20,250000,250000,standard_t,,60,0.094,113.98,250000,Form_3350_8-22.pdf,2022-08-01
amam,easy_term,NE,29,male,1,20,300000,300000,standard_t,,60,0.094,135.65,300000,Form_3350_8-22.pdf,2022-08-01
amam,easy_term,NE,29,male,1,20,400000,400000,standard_t,,60,0.094,178.98,400000,Form_3350_8-22.pdf,2022-08-01
amam,easy_term,NE,29,male,1,20,500000,500000,standard_t,,60,0.094,222.31,500000,Form_3350_8-22.pdf,2022-08-01
amam,easy_term,NE,30,male,0,20,100000,100000,standard_nt,,60,0.094,28.30,100000,Form_3350_8-22.pdf,2022-08-01
amam,easy_term,NE,30,male,0,20,150000,150000,standard_nt,,60,0.094,39.63,150000,Form_3350_8-22.pdf,2022-08-01
amam,easy_term,NE,30,male,0,20,200000,200000,standard_nt,,60,0.094,50.95,200000,Form_3350_8-22.pdf,2022-08-01
amam,easy_term,NE,30,male,0,20,250000,250000,standard_nt,,60,0.094,62.28,250000,Form_3350_8-22.pdf,2022-08-01
amam,easy_term,NE,30,male,0,20,300000,300000,standard_nt,,60,0.094,73.61,300000,Form_3350_8-22.pdf,2022-08-01
amam,easy_term,NE,30,male,0,20,400000,400000,standard_nt,,60,0.094,96.26,400000,Form_3350_8-22.pdf,2022-08-01
amam,easy_term,NE,30,male,0,20,500000,500000,standard_nt,,60,0.094,118.91,500000,Form_3350_8-22.pdf,2022-08-01
amam,easy_term,NE,30,male,1,20,100000,100000,standard_t,,60,0.094,48.98,100000,Form_3350_8-22.pdf,2022-08-01
amam,easy_term,NE,30,male,1,20,150000,150000,standard_t,,60,0.094,70.65,150000,Form_3350_8-22.pdf,2022-08-01
amam,easy_term,NE,30,male,1,20,200000,200000,standard_t,,60,0.094,92.31,200000,Form_3350_8-22.pdf,2022-08-01
amam,easy_term,NE,30,male,1,20,250000,250000,standard_t,,60,0.094,113.98,250000,Form_3350_8-22.pdf,2022-08-01
amam,easy_term,NE,30,male,1,20,300000,300000,standard_t,,60,0.094,135.65,300000,Form_3350_8-22.pdf,2022-08-01
amam,easy_term,NE,30,male,1,20,400000,400000,standard_t,,60,0.094,178.98,400000,Form_3350_8-22.pdf,2022-08-01
amam,easy_term,NE,30,male,1,20,500000,500000,standard_t,,60,0.094,222.31,500000,Form_3350_8-22.pdf,2022-08-01
amam,easy_term,NE,31,male,0,20,100000,100000,standard_nt,,60,0.094,28.96,100000,Form_3350_8-22.pdf,2022-08-01
amam,easy_term,NE,31,male,0,20,150000,150000,standard_nt,,60,0.094,40.61,150000,Form_3350_8-22.pdf,2022-08-01
amam,easy_term,NE,31,male,0,20,200000,200000,standard_nt,,60,0.094,52.27,200000,Form_3350_8-22.pdf,2022-08-01
amam,easy_term,NE,31,male,0,20,250000,250000,standard_nt,,60,0.094,63.92,250000,Form_3350_8-22.pdf,2022-08-01
amam,easy_term,NE,31,male,0,20,300000,300000,standard_nt,,60,0.094,75.58,300000,Form_3350_8-22.pdf,2022-08-01
amam,easy_term,NE,31,male,0,20,400000,400000,standard_nt,,60,0.094,98.89,400000,Form_3350_8-22.pdf,2022-08-01
amam,easy_term,NE,31,male,0,20,500000,500000,standard_nt,,60,0.094,122.20,500000,Form_3350_8-22.pdf,2022-08-01
amam,easy_term,NE,31,male,1,20,100000,100000,standard_t,,60,0.094,51.05,100000,Form_3350_8-22.pdf,2022-08-01
amam,easy_term,NE,31,male,1,20,150000,150000,standard_t,,60,0.094,73.75,150000,Form_3350_8-22.pdf,2022-08-01
amam,easy_term,NE,31,male,1,20,200000,200000,standard_t,,60,0.094,96.45,200000,Form_3350_8-22.pdf,2022-08-01
amam,easy_term,NE,31,male,1,20,250000,250000,standard_t,,60,0.094,119.15,250000,Form_3350_8-22.pdf,2022-08-01
amam,easy_term,NE,31,male,1,20,300000,300000,standard_t,,60,0.094,141.85,300000,Form_3350_8-22.pdf,2022-08-01
amam,easy_term,NE,31,male,1,20,400000,400000,standard_t,,60,0.094,187.25,400000,Form_3350_8-22.pdf,2022-08-01
amam,easy_term,NE,31,male,1,20,500000,500000,standard_t,,60,0.094,232.65,500000,Form_3350_8-22.pdf,2022-08-01
amam,easy_term,NE,32,male,0,20,100000,100000,standard_nt,,60,0.094,28.96,100000,Form_3350_8-22.pdf,2022-08-01
amam,easy_term,NE,32,male,0,20,150000,150000,standard_nt,,60,0.094,40.61,150000,Form_3350_8-22.pdf,2022-08-01
amam,easy_term,NE,32,male,0,20,200000,200000,standard_nt,,60,0.094,52.27,200000,Form_3350_8-22.pdf,2022-08-01
amam,easy_term,NE,32,male,0,20,250000,250000,standard_nt,,60,0.094,63.92,250000,Form_3350_8-22.pdf,2022-08-01
amam,easy_term,NE,32,male,0,20,300000,300000,standard_nt,,60,0.094,75.58,300000,Form_3350_8-22.pdf,2022-08-01
amam,easy_term,NE,32,male,0,20,400000,400000,standard_nt,,60,0.094,98.89,400000,Form_3350_8-22.pdf,2022-08-01
amam,easy_term,NE,32,male,0,20,500000,500000,standard_nt,,60,0.094,122.20,500000,Form_3350_8-22.pdf,2022-08-01
amam,easy_term,NE,32,male,1,20,100000,100000,standard_t,,60,0.094,52.93,100000,Form_3350_8-22.pdf,2022-08-01
amam,easy_term,NE,32,male,1,20,150000,150000,standard_t,,60,0.094,76.57,150000,Form_3350_8-22.pdf,2022-08-01
amam,easy_term,NE,32,male,1,20,200000,200000,standard_t,,60,0.094,100.21,200000,Form_3350_8-22.pdf,2022-08-01
amam,easy_term,NE,32,male,1,20,250000,250000,standard_t,,60,0.094,123.85,250000,Form_3350_8-22.pdf,2022-08-01
amam,easy_term,NE,32,male,1,20,300000,300000,standard_t,,60,0.094,147.49,300000,Form_3350_8-22.pdf,2022-08-01
amam,easy_term,NE,32,male,1,20,400000,400000,standard_t,,60,0.094,194.77,400000,Form_3350_8-22.pdf,2022-08-01
amam,easy_term,NE,32,male,1,20,500000,500000,standard_t,,60,0.094,242.05,500000,Form_3350_8-22.pdf,2022-08-01
amam,easy_term,NE,33,male,0,20,100000,100000,standard_nt,,60,0.094,28.96,100000,Form_3350_8-22.pdf,2022-08-01
amam,easy_term,NE,33,male,0,20,150000,150000,standard_nt,,60,0.094,40.61,150000,Form_3350_8-22.pdf,2022-08-01
amam,easy_term,NE,33,male,0,20,200000,200000,standard_nt,,60,0.094,52.27,200000,Form_3350_8-22.pdf,2022-08-01
amam,easy_term,NE,33,male,0,20,250000,250000,standard_nt,,60,0.094,63.92,250000,Form_3350_8-22.pdf,2022-08-01
amam,easy_term,NE,33,male,0,20,300000,300000,standard_nt,,60,0.094,75.58,300000,Form_3350_8-22.pdf,2022-08-01
amam,easy_term,NE,33,male,0,20,400000,400000,standard_nt,,60,0.094,98.89,400000,Form_3350_8-22.pdf,2022-08-01
amam,easy_term,NE,33,male,0,20,500000,500000,standard_nt,,60,0.094,122.20,500000,Form_3350_8-22.pdf,2022-08-01
amam,easy_term,NE,33,male,1,20,100000,100000,standard_t,,60,0.094,55.09,100000,Form_3350_8-22.pdf,2022-08-01
amam,easy_term,NE,33,male,1,20,150000,150000,standard_t,,60,0.094,79.81,150000,Form_3350_8-22.pdf,2022-08-01
amam,easy_term,NE,33,male,1,20,200000,200000,standard_t,,60,0.094,104.53,200000,Form_3350_8-22.pdf,2022-08-01
amam,easy_term,NE,33,male,1,20,250000,250000,standard_t,,60,0.094,129.25,250000,Form_3350_8-22.pdf,2022-08-01
amam,easy_term,NE,33,male,1,20,300000,300000,standard_t,,60,0.094,153.98,300000,Form_3350_8-22.pdf,2022-08-01
amam,easy_term,NE,33,male,1,20,400000,400000,standard_t,,60,0.094,203.42,400000,Form_3350_8-22.pdf,2022-08-01
amam,easy_term,NE,33,male,1,20,500000,500000,standard_t,,60,0.094,252.86,500000,Form_3350_8-22.pdf,2022-08-01
amam,easy_term,NE,34,male,0,20,100000,100000,standard_nt,,60,0.094,29.33,100000,Form_3350_8-22.pdf,2022-08-01
amam,easy_term,NE,34,male,0,20,150000,150000,standard_nt,,60,0.094,41.18,150000,Form_3350_8-22.pdf,2022-08-01
amam,easy_term,NE,34,male,0,20,200000,200000,standard_nt,,60,0.094,53.02,200000,Form_3350_8-22.pdf,2022-08-01
amam,easy_term,NE,34,male,0,20,250000,250000,standard_nt,,60,0.094,64.86,250000,Form_3350_8-22.pdf,2022-08-01
amam,easy_term,NE,34,male,0,20,300000,300000,standard_nt,,60,0.094,76.71,300000,Form_3350_8-22.pdf,2022-08-01
amam,easy_term,NE,34,male,0,20,400000,400000,standard_nt,,60,0.094,100.40,400000,Form_3350_8-22.pdf,2022-08-01
amam,easy_term,NE,34,male,0,20,500000,500000,standard_nt,,60,0.094,124.08,500000,Form_3350_8-22.pdf,2022-08-01
amam,easy_term,NE,34,male,1,20,100000,100000,standard_t,,60,0.094,57.25,100000,Form_3350_8-22.pdf,2022-08-01
amam,easy_term,NE,34,male,1,20,150000,150000,standard_t,,60,0.094,83.05,150000,Form_3350_8-22.pdf,2022-08-01
amam,easy_term,NE,34,male,1,20,200000,200000,standard_t,,60,0.094,108.86,200000,Form_3350_8-22.pdf,2022-08-01
amam,easy_term,NE,34,male,1,20,250000,250000,standard_t,,60,0.094,134.66,250000,Form_3350_8-22.pdf,2022-08-01
amam,easy_term,NE,34,male,1,20,300000,300000,standard_t,,60,0.094,160.46,300000,Form_3350_8-22.pdf,2022-08-01
amam,easy_term,NE,34,male,1,20,400000,400000,standard_t,,60,0.094,212.07,400000,Form_3350_8-22.pdf,2022-08-01
amam,easy_term,NE,34,male,1,20,500000,500000,standard_t,,60,0.094,263.67,500000,Form_3350_8-22.pdf,2022-08-01
amam,easy_term,NE,35,male,0,20,100000,100000,standard_nt,,60,0.094,29.52,100000,Form_3350_8-22.pdf,2022-08-01
amam,easy_term,NE,35,male,0,20,150000,150000,standard_nt,,60,0.094,41.46,150000,Form_3350_8-22.pdf,2022-08-01
amam,easy_term,NE,35,male,0,20,200000,200000,standard_nt,,60,0.094,53.40,200000,Form_3350_8-22.pdf,2022-08-01
amam,easy_term,NE,35,male,0,20,250000,250000,standard_nt,,60,0.094,65.33,250000,Form_3350_8-22.pdf,2022-08-01
amam,easy_term,NE,35,male,0,20,300000,300000,standard_nt,,60,0.094,77.27,300000,Form_3350_8-22.pdf,2022-08-01
amam,easy_term,NE,35,male,0,20,400000,400000,standard_nt,,60,0.094,101.15,400000,Form_3350_8-22.pdf,2022-08-01
amam,easy_term,NE,35,male,0,20,500000,500000,standard_nt,,60,0.094,125.02,500000,Form_3350_8-22.pdf,2022-08-01
amam,easy_term,NE,35,male,1,20,100000,100000,standard_t,,60,0.094,59.41,100000,Form_3350_8-22.pdf,2022-08-01
amam,easy_term,NE,35,male,1,20,150000,150000,standard_t,,60,0.094,86.30,150000,Form_3350_8-22.pdf,2022-08-01
amam,easy_term,NE,35,male,1,20,200000,200000,standard_t,,60,0.094,113.18,200000,Form_3350_8-22.pdf,2022-08-01
amam,easy_term,NE,35,male,1,20,250000,250000,standard_t,,60,0.094,140.06,250000,Form_3350_8-22.pdf,2022-08-01
amam,easy_term,NE,35,male,1,20,300000,300000,standard_t,,60,0.094,166.95,300000,Form_3350_8-22.pdf,2022-08-01
amam,easy_term,NE,35,male,1,20,400000,400000,standard_t,,60,0.094,220.72,400000,Form_3350_8-22.pdf,2022-08-01
amam,easy_term,NE,35,male,1,20,500000,500000,standard_t,,60,0.094,274.48,500000,Form_3350_8-22.pdf,2022-08-01
amam,easy_term,NE,36,male,0,20,100000,100000,standard_nt,,60,0.094,30.37,100000,Form_3350_8-22.pdf,2022-08-01
amam,easy_term,NE,36,male,0,20,150000,150000,standard_nt,,60,0.094,42.73,150000,Form_3350_8-22.pdf,2022-08-01
amam,easy_term,NE,36,male,0,20,200000,200000,standard_nt,,60,0.094,55.09,200000,Form_3350_8-22.pdf,2022-08-01
amam,easy_term,NE,36,male,0,20,250000,250000,standard_nt,,60,0.094,67.45,250000,Form_3350_8-22.pdf,2022-08-01
amam,easy_term,NE,36,male,0,20,300000,300000,standard_nt,,60,0.094,79.81,300000,Form_3350_8-22.pdf,2022-08-01
amam,easy_term,NE,36,male,0,20,400000,400000,standard_nt,,60,0.094,104.53,400000,Form_3350_8-22.pdf,2022-08-01
amam,easy_term,NE,36,male,0,20,500000,500000,standard_nt,,60,0.094,129.25,500000,Form_3350_8-22.pdf,2022-08-01
amam,easy_term,NE,36,male,1,20,100000,100000,standard_t,,60,0.094,61.95,100000,Form_3350_8-22.pdf,2022-08-01
amam,easy_term,NE,36,male,1,20,150000,150000,standard_t,,60,0.094,90.10,150000,Form_3350_8-22.pdf,2022-08-01
amam,easy_term,NE,36,male,1,20,200000,200000,standard_t,,60,0.094,118.26,200000,Form_3350_8-22.pdf,2022-08-01
amam,easy_term,NE,36,male,1,20,250000,250000,standard_t,,60,0.094,146.41,250000,Form_3350_8-22.pdf,2022-08-01
amam,easy_term,NE,36,male,1,20,300000,300000,standard_t,,60,0.094,174.56,300000,Form_3350_8-22.pdf,2022-08-01
amam,easy_term,NE,36,male,1,20,400000,400000,standard_t,,60,0.094,230.87,400000,Form_3350_8-22.pdf,2022-08-01
amam,easy_term,NE,36,male,1,20,500000,500000,standard_t,,60,0.094,287.17,500000,Form_3350_8-22.pdf,2022-08-01
amam,easy_term,NE,37,male,0,20,100000,100000,standard_nt,,60,0.094,31.87,100000,Form_3350_8-22.pdf,2022-08-01
amam,easy_term,NE,37,male,0,20,150000,150000,standard_nt,,60,0.094,44.98,150000,Form_3350_8-22.pdf,2022-08-01
amam,easy_term,NE,37,male,0,20,200000,200000,standard_nt,,60,0.094,58.10,200000,Form_3350_8-22.pdf,2022-08-01
amam,easy_term,NE,37,male,0,20,250000,250000,standard_nt,,60,0.094,71.21,250000,Form_3350_8-22.pdf,2022-08-01
amam,easy_term,NE,37,male,0,20,300000,300000,standard_nt,,60,0.094,84.32,300000,Form_3350_8-22.pdf,2022-08-01
amam,easy_term,NE,37,male,0,20,400000,400000,standard_nt,,60,0.094,110.55,400000,Form_3350_8-22.pdf,2022-08-01
amam,easy_term,NE,37,male,0,20,500000,500000,standard_nt,,60,0.094,136.77,500000,Form_3350_8-22.pdf,2022-08-01
amam,easy_term,NE,37,male,1,20,100000,100000,standard_t,,60,0.094,63.92,100000,Form_3350_8-22.pdf,2022-08-01
amam,easy_term,NE,37,male,1,20,150000,150000,standard_t,,60,0.094,93.06,150000,Form_3350_8-22.pdf,2022-08-01
amam,easy_term,NE,37,male,1,20,200000,200000,standard_t,,60,0.094,122.20,200000,Form_3350_8-22.pdf,2022-08-01
amam,easy_term,NE,37,male,1,20,250000,250000,standard_t,,60,0.094,151.34,250000,Form_3350_8-22.pdf,2022-08-01
amam,easy_term,NE,37,male,1,20,300000,300000,standard_t,,60,0.094,180.48,300000,Form_3350_8-22.pdf,2022-08-01
amam,easy_term,NE,37,male,1,20,400000,400000,standard_t,,60,0.094,238.76,400000,Form_3350_8-22.pdf,2022-08-01
amam,easy_term,NE,37,male,1,20,500000,500000,standard_t,,60,0.094,297.04,500000,Form_3350_8-22.pdf,2022-08-01
amam,easy_term,NE,38,male,0,20,100000,100000,standard_nt,,60,0.094,33.09,100000,Form_3350_8-22.pdf,2022-08-01
amam,easy_term,NE,38,male,0,20,150000,150000,standard_nt,,60,0.094,46.82,150000,Form_3350_8-22.pdf,2022-08-01
amam,easy_term,NE,38,male,0,20,200000,200000,standard_nt,,60,0.094,60.54,200000,Form_3350_8-22.pdf,2022-08-01
amam,easy_term,NE,38,male,0,20,250000,250000,standard_nt,,60,0.094,74.26,250000,Form_3350_8-22.pdf,2022-08-01
amam,easy_term,NE,38,male,0,20,300000,300000,standard_nt,,60,0.094,87.99,300000,Form_3350_8-22.pdf,2022-08-01
amam,easy_term,NE,38,male,0,20,400000,400000,standard_nt,,60,0.094,115.44,400000,Form_3350_8-22.pdf,2022-08-01
amam,easy_term,NE,38,male,0,20,500000,500000,standard_nt,,60,0.094,142.88,500000,Form_3350_8-22.pdf,2022-08-01
amam,easy_term,NE,38,male,1,20,100000,100000,standard_t,,60,0.094,67.68,100000,Form_3350_8-22.pdf,2022-08-01
amam,easy_term,NE,38,male,1,20,150000,150000,standard_t,,60,0.094,98.70,150000,Form_3350_8-22.pdf,2022-08-01
amam,easy_term,NE,38,male,1,20,200000,200000,standard_t,,60,0.094,129.72,200000,Form_3350_8-22.pdf,2022-08-01
amam,easy_term,NE,38,male,1,20,250000,250000,standard_t,,60,0.094,160.74,250000,Form_3350_8-22.pdf,2022-08-01
amam,easy_term,NE,38,male,1,20,300000,300000,standard_t,,60,0.094,191.76,300000,Form_3350_8-22.pdf,2022-08-01
amam,easy_term,NE,38,male,1,20,400000,400000,standard_t,,60,0.094,253.80,400000,Form_3350_8-22.pdf,2022-08-01
amam,easy_term,NE,38,male,1,20,500000,500000,standard_t,,60,0.094,315.84,500000,Form_3350_8-22.pdf,2022-08-01
amam,easy_term,NE,39,male,0,20,100000,100000,standard_nt,,60,0.094,34.69,100000,Form_3350_8-22.pdf,2022-08-01
amam,easy_term,NE,39,male,0,20,150000,150000,standard_nt,,60,0.094,49.21,150000,Form_3350_8-22.pdf,2022-08-01
amam,easy_term,NE,39,male,0,20,200000,200000,standard_nt,,60,0.094,63.74,200000,Form_3350_8-22.pdf,2022-08-01
amam,easy_term,NE,39,male,0,20,250000,250000,standard_nt,,60,0.094,78.26,250000,Form_3350_8-22.pdf,2022-08-01
amam,easy_term,NE,39,male,0,20,300000,300000,standard_nt,,60,0.094,92.78,300000,Form_3350_8-22.pdf,2022-08-01
amam,easy_term,NE,39,male,0,20,400000,400000,standard_nt,,60,0.094,121.83,400000,Form_3350_8-22.pdf,2022-08-01
amam,easy_term,NE,39,male,0,20,500000,500000,standard_nt,,60,0.094,150.87,500000,Form_3350_8-22.pdf,2022-08-01
amam,easy_term,NE,39,male,1,20,100000,100000,standard_t,,60,0.094,72.01,100000,Form_3350_8-22.pdf,2022-08-01
amam,easy_term,NE,39,male,1,20,150000,150000,standard_t,,60,0.094,105.19,150000,Form_3350_8-22.pdf,2022-08-01
amam,easy_term,NE,39,male,1,20,200000,200000,standard_t,,60,0.094,138.37,200000,Form_3350_8-22.pdf,2022-08-01
amam,easy_term,NE,39,male,1,20,250000,250000,standard_t,,60,0.094,171.55,250000,Form_3350_8-22.pdf,2022-08-01
amam,easy_term,NE,39,male,1,20,300000,300000,standard_t,,60,0.094,204.74,300000,Form_3350_8-22.pdf,2022-08-01
amam,easy_term,NE,39,male,1,20,400000,400000,standard_t,,60,0.094,271.10,400000,Form_3350_8-22.pdf,2022-08-01
amam,easy_term,NE,39,male,1,20,500000,500000,standard_t,,60,0.094,337.46,500000,Form_3350_8-22.pdf,2022-08-01
amam,easy_term,NE,40,male,0,20,100000,100000,standard_nt,,60,0.094,36.48,100000,Form_3350_8-22.pdf,2022-08-01
amam,easy_term,NE,40,male,0,20,150000,150000,standard_nt,,60,0.094,51.89,150000,Form_3350_8-22.pdf,2022-08-01
amam,easy_term,NE,40,male,0,20,200000,200000,standard_nt,,60,0.094,67.31,200000,Form_3350_8-22.pdf,2022-08-01
amam,easy_term,NE,40,male,0,20,250000,250000,standard_nt,,60,0.094,82.72,250000,Form_3350_8-22.pdf,2022-08-01
amam,easy_term,NE,40,male,0,20,300000,300000,standard_nt,,60,0.094,98.14,300000,Form_3350_8-22.pdf,2022-08-01
amam,easy_term,NE,40,male,0,20,400000,400000,standard_nt,,60,0.094,128.97,400000,Form_3350_8-22.pdf,2022-08-01
amam,easy_term,NE,40,male,0,20,500000,500000,standard_nt,,60,0.094,159.80,500000,Form_3350_8-22.pdf,2022-08-01
amam,easy_term,NE,40,male,1,20,100000,100000,standard_t,,60,0.094,77.84,100000,Form_3350_8-22.pdf,2022-08-01
amam,easy_term,NE,40,male,1,20,150000,150000,standard_t,,60,0.094,113.93,150000,Form_3350_8-22.pdf,2022-08-01
amam,easy_term,NE,40,male,1,20,200000,200000,standard_t,,60,0.094,150.03,200000,Form_3350_8-22.pdf,2022-08-01
amam,easy_term,NE,40,male,1,20,250000,250000,standard_t,,60,0.094,186.12,250000,Form_3350_8-22.pdf,2022-08-01
amam,easy_term,NE,40,male,1,20,300000,300000,standard_t,,60,0.094,222.22,300000,Form_3350_8-22.pdf,2022-08-01
amam,easy_term,NE,40,male,1,20,400000,400000,standard_t,,60,0.094,294.41,400000,Form_3350_8-22.pdf,2022-08-01
amam,easy_term,NE,40,male,1,20,500000,500000,standard_t,,60,0.094,366.60,500000,Form_3350_8-22.pdf,2022-08-01
amam,easy_term,NE,41,male,0,20,100000,100000,standard_nt,,60,0.094,38.92,100000,Form_3350_8-22.pdf,2022-08-01
amam,easy_term,NE,41,male,0,20,150000,150000,standard_nt,,60,0.094,55.56,150000,Form_3350_8-22.pdf,2022-08-01
amam,easy_term,NE,41,male,0,20,200000,200000,standard_nt,,60,0.094,72.20,200000,Form_3350_8-22.pdf,2022-08-01
amam,easy_term,NE,41,male,0,20,250000,250000,standard_nt,,60,0.094,88.83,250000,Form_3350_8-22.pdf,2022-08-01
amam,easy_term,NE,41,male,0,20,300000,300000,standard_nt,,60,0.094,105.47,300000,Form_3350_8-22.pdf,2022-08-01
amam,easy_term,NE,41,male,0,20,400000,400000,standard_nt,,60,0.094,138.75,400000,Form_3350_8-22.pdf,2022-08-01
amam,easy_term,NE,41,male,0,20,500000,500000,standard_nt,,60,0.094,172.02,500000,Form_3350_8-22.pdf,2022-08-01
amam,easy_term,NE,41,male,1,20,100000,100000,standard_t,,60,0.094,84.51,100000,Form_3350_8-22.pdf,2022-08-01
amam,easy_term,NE,41,male,1,20,150000,150000,standard_t,,60,0.094,123.94,150000,Form_3350_8-22.pdf,2022-08-01
amam,easy_term,NE,41,male,1,20,200000,200000,standard_t,,60,0.094,163.38,200000,Form_3350_8-22.pdf,2022-08-01
amam,easy_term,NE,41,male,1,20,250000,250000,standard_t,,60,0.094,202.81,250000,Form_3350_8-22.pdf,2022-08-01
amam,easy_term,NE,41,male,1,20,300000,300000,standard_t,,60,0.094,242.24,300000,Form_3350_8-22.pdf,2022-08-01
amam,easy_term,NE,41,male,1,20,400000,400000,standard_t,,60,0.094,321.11,400000,Form_3350_8-22.pdf,2022-08-01
amam,easy_term,NE,41,male,1,20,500000,500000,standard_t,,60,0.094,399.97,500000,Form_3350_8-22.pdf,2022-08-01
amam,easy_term,NE,42,male,0,20,100000,100000,standard_nt,,60,0.094,41.83,100000,Form_3350_8-22.pdf,2022-08-01
amam,easy_term,NE,42,male,0,20,150000,150000,standard_nt,,60,0.094,59.93,150000,Form_3350_8-22.pdf,2022-08-01
amam,easy_term,NE,42,male,0,20,200000,200000,standard_nt,,60,0.094,78.02,200000,Form_3350_8-22.pdf,2022-08-01
amam,easy_term,NE,42,male,0,20,250000,250000,standard_nt,,60,0.094,96.12,250000,Form_3350_8-22.pdf,2022-08-01
amam,easy_term,NE,42,male,0,20,300000,300000,standard_nt,,60,0.094,114.21,300000,Form_3350_8-22.pdf,2022-08-01
amam,easy_term,NE,42,male,0,20,400000,400000,standard_nt,,60,0.094,150.40,400000,Form_3350_8-22.pdf,2022-08-01
amam,easy_term,NE,42,male,0,20,500000,500000,standard_nt,,60,0.094,186.59,500000,Form_3350_8-22.pdf,2022-08-01
amam,easy_term,NE,42,male,1,20,100000,100000,standard_t,,60,0.094,92.03,100000,Form_3350_8-22.pdf,2022-08-01
amam,easy_term,NE,42,male,1,20,150000,150000,standard_t,,60,0.094,135.22,150000,Form_3350_8-22.pdf,2022-08-01
amam,easy_term,NE,42,male,1,20,200000,200000,standard_t,,60,0.094,178.42,200000,Form_3350_8-22.pdf,2022-08-01
amam,easy_term,NE,42,male,1,20,250000,250000,standard_t,,60,0.094,221.61,250000,Form_3350_8-22.pdf,2022-08-01
amam,easy_term,NE,42,male,1,20,300000,300000,standard_t,,60,0.094,264.80,300000,Form_3350_8-22.pdf,2022-08-01
amam,easy_term,NE,42,male,1,20,400000,400000,standard_t,,60,0.094,351.19,400000,Form_3350_8-22.pdf,2022-08-01
amam,easy_term,NE,42,male,1,20,500000,500000,standard_t,,60,0.094,437.57,500000,Form_3350_8-22.pdf,2022-08-01
amam,easy_term,NE,43,male,0,20,100000,100000,standard_nt,,60,0.094,44.94,100000,Form_3350_8-22.pdf,2022-08-01
amam,easy_term,NE,43,male,0,20,150000,150000,standard_nt,,60,0.094,64.58,150000,Form_3350_8-22.pdf,2022-08-01
amam,easy_term,NE,43,male,0,20,200000,200000,standard_nt,,60,0.094,84.23,200000,Form_3350_8-22.pdf,2022-08-01
amam,easy_term,NE,43,male,0,20,250000,250000,standard_nt,,60,0.094,103.87,250000,Form_3350_8-22.pdf,2022-08-01
amam,easy_term,NE,43,male,0,20,300000,300000,standard_nt,,60,0.094,123.52,300000,Form_3350_8-22.pdf,2022-08-01
amam,easy_term,NE,43,male,0,20,400000,400000,standard_nt,,60,0.094,162.81,400000,Form_3350_8-22.pdf,2022-08-01
amam,easy_term,NE,43,male,0,20,500000,500000,standard_nt,,60,0.094,202.10,500000,Form_3350_8-22.pdf,2022-08-01
amam,easy_term,NE,43,male,1,20,100000,100000,standard_t,,60,0.094,100.11,100000,Form_3350_8-22.pdf,2022-08-01
amam,easy_term,NE,43,male,1,20,150000,150000,standard_t,,60,0.094,147.35,150000,Form_3350_8-22.pdf,2022-08-01
amam,easy_term,NE,43,male,1,20,200000,200000,standard_t,,60,0.094,194.58,200000,Form_3350_8-22.pdf,2022-08-01
amam,easy_term,NE,43,male,1,20,250000,250000,standard_t,,60,0.094,241.82,250000,Form_3350_8-22.pdf,2022-08-01
amam,easy_term,NE,43,male,1,20,300000,300000,standard_t,,60,0.094,289.05,300000,Form_3350_8-22.pdf,2022-08-01
amam,easy_term,NE,43,male,1,20,400000,400000,standard_t,,60,0.094,383.52,400000,Form_3350_8-22.pdf,2022-08-01
amam,easy_term,NE,43,male,1,20,500000,500000,standard_t,,60,0.094,477.99,500000,Form_3350_8-22.pdf,2022-08-01
amam,easy_term,NE,44,male,0,20,100000,100000,standard_nt,,60,0.094,48.32,100000,Form_3350_8-22.pdf,2022-08-01
amam,easy_term,NE,44,male,0,20,150000,150000,standard_nt,,60,0.094,69.66,150000,Form_3350_8-22.pdf,2022-08-01
amam,easy_term,NE,44,male,0,20,200000,200000,standard_nt,,60,0.094,91.00,200000,Form_3350_8-22.pdf,2022-08-01
amam,easy_term,NE,44,male,0,20,250000,250000,standard_nt,,60,0.094,112.33,250000,Form_3350_8-22.pdf,2022-08-01
amam,easy_term,NE,44,male,0,20,300000,300000,standard_nt,,60,0.094,133.67,300000,Form_3350_8-22.pdf,2022-08-01
amam,easy_term,NE,44,male,0,20,400000,400000,standard_nt,,60,0.094,176.35,400000,Form_3350_8-22.pdf,2022-08-01
amam,easy_term,NE,44,male,0,20,500000,500000,standard_nt,,60,0.094,219.02,500000,Form_3350_8-22.pdf,2022-08-01
amam,easy_term,NE,44,male,1,20,100000,100000,standard_t,,60,0.094,109.98,100000,Form_3350_8-22.pdf,2022-08-01
amam,easy_term,NE,44,male,1,20,150000,150000,standard_t,,60,0.094,162.15,150000,Form_3350_8-22.pdf,2022-08-01
amam,easy_term,NE,44,male,1,20,200000,200000,standard_t,,60,0.094,214.32,200000,Form_3350_8-22.pdf,2022-08-01
amam,easy_term,NE,44,male,1,20,250000,250000,standard_t,,60,0.094,266.49,250000,Form_3350_8-22.pdf,2022-08-01
amam,easy_term,NE,44,male,1,20,300000,300000,standard_t,,60,0.094,318.66,300000,Form_3350_8-22.pdf,2022-08-01
amam,easy_term,NE,44,male,1,20,400000,400000,standard_t,,60,0.094,423.00,400000,Form_3350_8-22.pdf,2022-08-01
amam,easy_term,NE,44,male,1,20,500000,500000,standard_t,,60,0.094,527.34,500000,Form_3350_8-22.pdf,2022-08-01
amam,easy_term,NE,45,male,0,20,100000,100000,standard_nt,,60,0.094,52.46,100000,Form_3350_8-22.pdf,2022-08-01
amam,easy_term,NE,45,male,0,20,150000,150000,standard_nt,,60,0.094,75.86,150000,Form_3350_8-22.pdf,2022-08-01
amam,easy_term,NE,45,male,0,20,200000,200000,standard_nt,,60,0.094,99.27,200000,Form_3350_8-22.pdf,2022-08-01
amam,easy_term,NE,45,male,0,20,250000,250000,standard_nt,,60,0.094,122.67,250000,Form_3350_8-22.pdf,2022-08-01
amam,easy_term,NE,45,male,0,20,300000,300000,standard_nt,,60,0.094,146.08,300000,Form_3350_8-22.pdf,2022-08-01
amam,easy_term,NE,45,male,0,20,400000,400000,standard_nt,,60,0.094,192.89,400000,Form_3350_8-22.pdf,2022-08-01
amam,easy_term,NE,45,male,0,20,500000,500000,standard_nt,,60,0.094,239.70,500000,Form_3350_8-22.pdf,2022-08-01
amam,easy_term,NE,45,male,1,20,100000,100000,standard_t,,60,0.094,119.20,100000,Form_3350_8-22.pdf,2022-08-01
amam,easy_term,NE,45,male,1,20,150000,150000,standard_t,,60,0.094,175.97,150000,Form_3350_8-22.pdf,2022-08-01
amam,easy_term,NE,45,male,1,20,200000,200000,standard_t,,60,0.094,232.75,200000,Form_3350_8-22.pdf,2022-08-01
amam,easy_term,NE,45,male,1,20,250000,250000,standard_t,,60,0.094,289.52,250000,Form_3350_8-22.pdf,2022-08-01
amam,easy_term,NE,45,male,1,20,300000,300000,standard_t,,60,0.094,346.30,300000,Form_3350_8-22.pdf,2022-08-01
amam,easy_term,NE,45,male,1,20,400000,400000,standard_t,,60,0.094,459.85,400000,Form_3350_8-22.pdf,2022-08-01
amam,easy_term,NE,45,male,1,20,500000,500000,standard_t,,60,0.094,573.40,500000,Form_3350_8-22.pdf,2022-08-01
amam,easy_term,NE,46,male,0,20,100000,100000,standard_nt,,60,0.094,56.22,100000,Form_3350_8-22.pdf,2022-08-01
amam,easy_term,NE,46,male,0,20,150000,150000,standard_nt,,60,0.094,81.50,150000,Form_3350_8-22.pdf,2022-08-01
amam,easy_term,NE,46,male,0,20,200000,200000,standard_nt,,60,0.094,106.79,200000,Form_3350_8-22.pdf,2022-08-01
amam,easy_term,NE,46,male,0,20,250000,250000,standard_nt,,60,0.094,132.07,250000,Form_3350_8-22.pdf,2022-08-01
amam,easy_term,NE,46,male,0,20,300000,300000,standard_nt,,60,0.094,157.36,300000,Form_3350_8-22.pdf,2022-08-01
amam,easy_term,NE,46,male,1,20,100000,100000,standard_t,,60,0.094,132.17,100000,Form_3350_8-22.pdf,2022-08-01
amam,easy_term,NE,46,male,1,20,150000,150000,standard_t,,60,0.094,195.43,150000,Form_3350_8-22.pdf,2022-08-01
amam,easy_term,NE,46,male,1,20,200000,200000,standard_t,,60,0.094,258.69,200000,Form_3350_8-22.pdf,2022-08-01
amam,easy_term,NE,46,male,1,20,250000,250000,standard_t,,60,0.094,321.95,250000,Form_3350_8-22.pdf,2022-08-01
amam,easy_term,NE,46,male,1,20,300000,300000,standard_t,,60,0.094,385.22,300000,Form_3350_8-22.pdf,2022-08-01
amam,easy_term,NE,47,male,0,20,100000,100000,standard_nt,,60,0.094,60.54,100000,Form_3350_8-22.pdf,2022-08-01
amam,easy_term,NE,47,male,0,20,150000,150000,standard_nt,,60,0.094,87.99,150000,Form_3350_8-22.pdf,2022-08-01
amam,easy_term,NE,47,male,0,20,200000,200000,standard_nt,,60,0.094,115.44,200000,Form_3350_8-22.pdf,2022-08-01
amam,easy_term,NE,47,male,0,20,250000,250000,standard_nt,,60,0.094,142.88,250000,Form_3350_8-22.pdf,2022-08-01
amam,easy_term,NE,47,male,0,20,300000,300000,standard_nt,,60,0.094,170.33,300000,Form_3350_8-22.pdf,2022-08-01
amam,easy_term,NE,47,male,1,20,100000,100000,standard_t,,60,0.094,145.05,100000,Form_3350_8-22.pdf,2022-08-01
amam,easy_term,NE,47,male,1,20,150000,150000,standard_t,,60,0.094,214.75,150000,Form_3350_8-22.pdf,2022-08-01
amam,easy_term,NE,47,male,1,20,200000,200000,standard_t,,60,0.094,284.45,200000,Form_3350_8-22.pdf,2022-08-01
amam,easy_term,NE,47,male,1,20,250000,250000,standard_t,,60,0.094,354.15,250000,Form_3350_8-22.pdf,2022-08-01
amam,easy_term,NE,47,male,1,20,300000,300000,standard_t,,60,0.094,423.85,300000,Form_3350_8-22.pdf,2022-08-01
amam,easy_term,NE,48,male,0,20,100000,100000,standard_nt,,60,0.094,64.96,100000,Form_3350_8-22.pdf,2022-08-01
amam,easy_term,NE,48,male,0,20,150000,150000,standard_nt,,60,0.094,94.62,150000,Form_3350_8-22.pdf,2022-08-01
amam,easy_term,NE,48,male,0,20,200000,200000,standard_nt,,60,0.094,124.27,200000,Form_3350_8-22.pdf,2022-08-01
amam,easy_term,NE,48,male,0,20,250000,250000,standard_nt,,60,0.094,153.93,250000,Form_3350_8-22.pdf,2022-08-01
amam,easy_term,NE,48,male,0,20,300000,300000,standard_nt,,60,0.094,183.59,300000,Form_3350_8-22.pdf,2022-08-01
amam,easy_term,NE,48,male,1,20,100000,100000,standard_t,,60,0.094,157.27,100000,Form_3350_8-22.pdf,2022-08-01
amam,easy_term,NE,48,male,1,20,150000,150000,standard_t,,60,0.094,233.08,150000,Form_3350_8-22.pdf,2022-08-01
amam,easy_term,NE,48,male,1,20,200000,200000,standard_t,,60,0.094,308.89,200000,Form_3350_8-22.pdf,2022-08-01
amam,easy_term,NE,48,male,1,20,250000,250000,standard_t,,60,0.094,384.70,250000,Form_3350_8-22.pdf,2022-08-01
amam,easy_term,NE,48,male,1,20,300000,300000,standard_t,,60,0.094,460.51,300000,Form_3350_8-22.pdf,2022-08-01
amam,easy_term,NE,49,male,0,20,100000,100000,standard_nt,,60,0.094,69.75,100000,Form_3350_8-22.pdf,2022-08-01
amam,easy_term,NE,49,male,0,20,150000,150000,standard_nt,,60,0.094,101.81,150000,Form_3350_8-22.pdf,2022-08-01
amam,easy_term,NE,49,male,0,20,200000,200000,standard_nt,,60,0.094,133.86,200000,Form_3350_8-22.pdf,2022-08-01
amam,easy_term,NE,49,male,0,20,250000,250000,standard_nt,,60,0.094,165.91,250000,Form_3350_8-22.pdf,2022-08-01
amam,easy_term,NE,49,male,0,20,300000,300000,standard_nt,,60,0.094,197.97,300000,Form_3350_8-22.pdf,2022-08-01
amam,easy_term,NE,49,male,1,20,100000,100000,standard_t,,60,0.094,169.96,100000,Form_3350_8-22.pdf,2022-08-01
amam,easy_term,NE,49,male,1,20,150000,150000,standard_t,,60,0.094,252.11,150000,Form_3350_8-22.pdf,2022-08-01
amam,easy_term,NE,49,male,1,20,200000,200000,standard_t,,60,0.094,334.27,200000,Form_3350_8-22.pdf,2022-08-01
amam,easy_term,NE,49,male,1,20,250000,250000,standard_t,,60,0.094,416.42,250000,Form_3350_8-22.pdf,2022-08-01
amam,easy_term,NE,49,male,1,20,300000,300000,standard_t,,60,0.094,498.58,300000,Form_3350_8-22.pdf,2022-08-01
amam,easy_term,NE,50,male,0,20,100000,100000,standard_nt,,60,0.094,74.83,100000,Form_3350_8-22.pdf,2022-08-01
amam,easy_term,NE,50,male,0,20,150000,150000,standard_nt,,60,0.094,109.42,150000,Form_3350_8-22.pdf,2022-08-01
amam,easy_term,NE,50,male,0,20,200000,200000,standard_nt,,60,0.094,144.01,200000,Form_3350_8-22.pdf,2022-08-01
amam,easy_term,NE,50,male,0,20,250000,250000,standard_nt,,60,0.094,178.60,250000,Form_3350_8-22.pdf,2022-08-01
amam,easy_term,NE,50,male,0,20,300000,300000,standard_nt,,60,0.094,213.20,300000,Form_3350_8-22.pdf,2022-08-01
amam,easy_term,NE,50,male,1,20,100000,100000,standard_t,,60,0.094,181.05,100000,Form_3350_8-22.pdf,2022-08-01
amam,easy_term,NE,50,male,1,20,150000,150000,standard_t,,60,0.094,268.75,150000,Form_3350_8-22.pdf,2022-08-01
amam,easy_term,NE,50,male,1,20,200000,200000,standard_t,,60,0.094,356.45,200000,Form_3350_8-22.pdf,2022-08-01
amam,easy_term,NE,50,male,1,20,250000,250000,standard_t,,60,0.094,444.15,250000,Form_3350_8-22.pdf,2022-08-01
amam,easy_term,NE,50,male,1,20,300000,300000,standard_t,,60,0.094,531.86,300000,Form_3350_8-22.pdf,2022-08-01
amam,easy_term,NE,51,male,0,20,100000,100000,standard_nt,,60,0.094,80.56,100000,Form_3350_8-22.pdf,2022-08-01
amam,easy_term,NE,51,male,0,20,150000,150000,standard_nt,,60,0.094,118.02,150000,Form_3350_8-22.pdf,2022-08-01
amam,easy_term,NE,51,male,0,20,200000,200000,standard_nt,,60,0.094,155.48,200000,Form_3350_8-22.pdf,2022-08-01
amam,easy_term,NE,51,male,0,20,250000,250000,standard_nt,,60,0.094,192.94,250000,Form_3350_8-22.pdf,2022-08-01
amam,easy_term,NE,51,male,0,20,300000,300000,standard_nt,,60,0.094,230.40,300000,Form_3350_8-22.pdf,2022-08-01
amam,easy_term,NE,51,male,1,20,100000,100000,standard_t,,60,0.094,193.27,100000,Form_3350_8-22.pdf,2022-08-01
amam,easy_term,NE,51,male,1,20,150000,150000,standard_t,,60,0.094,287.08,150000,Form_3350_8-22.pdf,2022-08-01
amam,easy_term,NE,51,male,1,20,200000,200000,standard_t,,60,0.094,380.89,200000,Form_3350_8-22.pdf,2022-08-01
amam,easy_term,NE,51,male,1,20,250000,250000,standard_t,,60,0.094,474.70,250000,Form_3350_8-22.pdf,2022-08-01
amam,easy_term,NE,51,male,1,20,300000,300000,standard_t,,60,0.094,568.52,300000,Form_3350_8-22.pdf,2022-08-01
amam,easy_term,NE,52,male,0,20,100000,100000,standard_nt,,60,0.094,86.48,100000,Form_3350_8-22.pdf,2022-08-01
amam,easy_term,NE,52,male,0,20,150000,150000,standard_nt,,60,0.094,126.90,150000,Form_3350_8-22.pdf,2022-08-01
amam,easy_term,NE,52,male,0,20,200000,200000,standard_nt,,60,0.094,167.32,200000,Form_3350_8-22.pdf,2022-08-01
amam,easy_term,NE,52,male,0,20,250000,250000,standard_nt,,60,0.094,207.74,250000,Form_3350_8-22.pdf,2022-08-01
amam,easy_term,NE,52,male,0,20,300000,300000,standard_nt,,60,0.094,248.16,300000,Form_3350_8-22.pdf,2022-08-01
amam,easy_term,NE,52,male,1,20,100000,100000,standard_t,,60,0.094,204.08,100000,Form_3350_8-22.pdf,2022-08-01
amam,easy_term,NE,52,male,1,20,150000,150000,standard_t,,60,0.094,303.30,150000,Form_3350_8-22.pdf,2022-08-01
amam,easy_term,NE,52,male,1,20,200000,200000,standard_t,,60,0.094,402.51,200000,Form_3350_8-22.pdf,2022-08-01
amam,easy_term,NE,52,male,1,20,250000,250000,standard_t,,60,0.094,501.73,250000,Form_3350_8-22.pdf,2022-08-01
amam,easy_term,NE,52,male,1,20,300000,300000,standard_t,,60,0.094,600.95,300000,Form_3350_8-22.pdf,2022-08-01
amam,easy_term,NE,53,male,0,20,100000,100000,standard_nt,,60,0.094,89.30,100000,Form_3350_8-22.pdf,2022-08-01
amam,easy_term,NE,53,male,0,20,150000,150000,standard_nt,,60,0.094,131.13,150000,Form_3350_8-22.pdf,2022-08-01
amam,easy_term,NE,53,male,0,20,200000,200000,standard_nt,,60,0.094,172.96,200000,Form_3350_8-22.pdf,2022-08-01
amam,easy_term,NE,53,male,0,20,250000,250000,standard_nt,,60,0.094,214.79,250000,Form_3350_8-22.pdf,2022-08-01
amam,easy_term,NE,53,male,0,20,300000,300000,standard_nt,,60,0.094,256.62,300000,Form_3350_8-22.pdf,2022-08-01
amam,easy_term,NE,53,male,1,20,100000,100000,standard_t,,60,0.094,222.41,100000,Form_3350_8-22.pdf,2022-08-01
amam,easy_term,NE,53,male,1,20,150000,150000,standard_t,,60,0.094,330.79,150000,Form_3350_8-22.pdf,2022-08-01
amam,easy_term,NE,53,male,1,20,200000,200000,standard_t,,60,0.094,439.17,200000,Form_3350_8-22.pdf,2022-08-01
amam,easy_term,NE,53,male,1,20,250000,250000,standard_t,,60,0.094,547.55,250000,Form_3350_8-22.pdf,2022-08-01
amam,easy_term,NE,53,male,1,20,300000,300000,standard_t,,60,0.094,655.94,300000,Form_3350_8-22.pdf,2022-08-01
amam,easy_term,NE,54,male,0,20,100000,100000,standard_nt,,60,0.094,96.54,100000,Form_3350_8-22.pdf,2022-08-01
amam,easy_term,NE,54,male,0,20,150000,150000,standard_nt,,60,0.094,141.99,150000,Form_3350_8-22.pdf,2022-08-01
amam,easy_term,NE,54,male,0,20,200000,200000,standard_nt,,60,0.094,187.44,200000,Form_3350_8-22.pdf,2022-08-01
amam,easy_term,NE,54,male,0,20,250000,250000,standard_nt,,60,0.094,232.89,250000,Form_3350_8-22.pdf,2022-08-01
amam,easy_term,NE,54,male,0,20,300000,300000,standard_nt,,60,0.094,278.34,300000,Form_3350_8-22.pdf,2022-08-01
amam,easy_term,NE,54,male,1,20,100000,100000,standard_t,,60,0.094,241.40,100000,Form_3350_8-22.pdf,2022-08-01
amam,easy_term,NE,54,male,1,20,150000,150000,standard_t,,60,0.094,359.27,150000,Form_3350_8-22.pdf,2022-08-01
amam,easy_term,NE,54,male,1,20,200000,200000,standard_t,,60,0.094,477.15,200000,Form_3350_8-22.pdf,2022-08-01
amam,easy_term,NE,54,male,1,20,250000,250000,standard_t,,60,0.094,595.02,250000,Form_3350_8-22.pdf,2022-08-01
amam,easy_term,NE,54,male,1,20,300000,300000,standard_t,,60,0.094,712.90,300000,Form_3350_8-22.pdf,2022-08-01
amam,easy_term,NE,55,male,0,20,100000,100000,standard_nt,,60,0.094,105.19,100000,Form_3350_8-22.pdf,2022-08-01
amam,easy_term,NE,55,male,0,20,150000,150000,standard_nt,,60,0.094,154.96,150000,Form_3350_8-22.pdf,2022-08-01
amam,easy_term,NE,55,male,0,20,200000,200000,standard_nt,,60,0.094,204.74,200000,Form_3350_8-22.pdf,2022-08-01
amam,easy_term,NE,55,male,0,20,250000,250000,standard_nt,,60,0.094,254.51,250000,Form_3350_8-22.pdf,2022-08-01
amam,easy_term,NE,55,male,0,20,300000,300000,standard_nt,,60,0.094,304.28,300000,Form_3350_8-22.pdf,2022-08-01
amam,easy_term,NE,55,male,1,20,100000,100000,standard_t,,60,0.094,260.67,100000,Form_3350_8-22.pdf,2022-08-01
amam,easy_term,NE,55,male,1,20,150000,150000,standard_t,,60,0.094,388.18,150000,Form_3350_8-22.pdf,2022-08-01
amam,easy_term,NE,55,male,1,20,200000,200000,standard_t,,60,0.094,515.69,200000,Form_3350_8-22.pdf,2022-08-01
amam,easy_term,NE,55,male,1,20,250000,250000,standard_t,,60,0.094,643.20,250000,Form_3350_8-22.pdf,2022-08-01
amam,easy_term,NE,55,male,1,20,300000,300000,standard_t,,60,0.094,770.71,300000,Form_3350_8-22.pdf,2022-08-01
amam,easy_term,NE,56,male,0,20,100000,100000,standard_nt,,60,0.094,115.25,100000,Form_3350_8-22.pdf,2022-08-01
amam,easy_term,NE,56,male,0,20,150000,150000,standard_nt,,60,0.094,170.05,150000,Form_3350_8-22.pdf,2022-08-01
amam,easy_term,NE,56,male,0,20,200000,200000,standard_nt,,60,0.094,224.85,200000,Form_3350_8-22.pdf,2022-08-01
amam,easy_term,NE,56,male,0,20,250000,250000,standard_nt,,60,0.094,279.65,250000,Form_3350_8-22.pdf,2022-08-01
amam,easy_term,NE,56,male,0,20,300000,300000,standard_nt,,60,0.094,334.46,300000,Form_3350_8-22.pdf,2022-08-01
amam,easy_term,NE,56,male,1,20,100000,100000,standard_t,,60,0.094,299.11,100000,Form_3350_8-22.pdf,2022-08-01
amam,easy_term,NE,56,male,1,20,150000,150000,standard_t,,60,0.094,445.85,150000,Form_3350_8-22.pdf,2022-08-01
amam,easy_term,NE,56,male,1,20,200000,200000,standard_t,,60,0.094,592.58,200000,Form_3350_8-22.pdf,2022-08-01
amam,easy_term,NE,56,male,1,20,250000,250000,standard_t,,60,0.094,739.31,250000,Form_3350_8-22.pdf,2022-08-01
amam,easy_term,NE,56,male,1,20,300000,300000,standard_t,,60,0.094,886.05,300000,Form_3350_8-22.pdf,2022-08-01
amam,easy_term,NE,57,male,0,20,100000,100000,standard_nt,,60,0.094,127.75,100000,Form_3350_8-22.pdf,2022-08-01
amam,easy_term,NE,57,male,0,20,150000,150000,standard_nt,,60,0.094,188.80,150000,Form_3350_8-22.pdf,2022-08-01
amam,easy_term,NE,57,male,0,20,200000,200000,standard_nt,,60,0.094,249.86,200000,Form_3350_8-22.pdf,2022-08-01
amam,easy_term,NE,57,male,0,20,250000,250000,standard_nt,,60,0.094,310.91,250000,Form_3350_8-22.pdf,2022-08-01
amam,easy_term,NE,57,male,0,20,300000,300000,standard_nt,,60,0.094,371.96,300000,Form_3350_8-22.pdf,2022-08-01
amam,easy_term,NE,57,male,1,20,100000,100000,standard_t,,60,0.094,338.97,100000,Form_3350_8-22.pdf,2022-08-01
amam,easy_term,NE,57,male,1,20,150000,150000,standard_t,,60,0.094,505.63,150000,Form_3350_8-22.pdf,2022-08-01
amam,easy_term,NE,57,male,1,20,200000,200000,standard_t,,60,0.094,672.29,200000,Form_3350_8-22.pdf,2022-08-01
amam,easy_term,NE,57,male,1,20,250000,250000,standard_t,,60,0.094,838.95,250000,Form_3350_8-22.pdf,2022-08-01
amam,easy_term,NE,57,male,1,20,300000,300000,standard_t,,60,0.094,1005.62,300000,Form_3350_8-22.pdf,2022-08-01
amam,easy_term,NE,58,male,0,20,100000,100000,standard_nt,,60,0.094,136.49,100000,Form_3350_8-22.pdf,2022-08-01
amam,easy_term,NE,58,male,0,20,150000,150000,standard_nt,,60,0.094,201.92,150000,Form_3350_8-22.pdf,2022-08-01
amam,easy_term,NE,58,male,0,20,200000,200000,standard_nt,,60,0.094,267.34,200000,Form_3350_8-22.pdf,2022-08-01
amam,easy_term,NE,58,male,0,20,250000,250000,standard_nt,,60,0.094,332.76,250000,Form_3350_8-22.pdf,2022-08-01
amam,easy_term,NE,58,male,0,20,300000,300000,standard_nt,,60,0.094,398.19,300000,Form_3350_8-22.pdf,2022-08-01
amam,easy_term,NE,58,male,1,20,100000,100000,standard_t,,60,0.094,362.37,100000,Form_3350_8-22.pdf,2022-08-01
amam,easy_term,NE,58,male,1,20,150000,150000,standard_t,,60,0.094,540.74,150000,Form_3350_8-22.pdf,2022-08-01
amam,easy_term,NE,58,male,1,20,200000,200000,standard_t,,60,0.094,719.10,200000,Form_3350_8-22.pdf,2022-08-01
amam,easy_term,NE,58,male,1,20,250000,250000,standard_t,,60,0.094,897.47,250000,Form_3350_8-22.pdf,2022-08-01
amam,easy_term,NE,58,male,1,20,300000,300000,standard_t,,60,0.094,1075.83,300000,Form_3350_8-22.pdf,2022-08-01
amam,easy_term,NE,59,male,0,20,100000,100000,standard_nt,,60,0.094,148.99,100000,Form_3350_8-22.pdf,2022-08-01
amam,easy_term,NE,59,male,0,20,150000,150000,standard_nt,,60,0.094,220.67,150000,Form_3350_8-22.pdf,2022-08-01
amam,easy_term,NE,59,male,0,20,200000,200000,standard_nt,,60,0.094,292.34,200000,Form_3350_8-22.pdf,2022-08-01
amam,easy_term,NE,59,male,0,20,250000,250000,standard_nt,,60,0.094,364.02,250000,Form_3350_8-22.pdf,2022-08-01
amam,easy_term,NE,59,male,0,20,300000,300000,standard_nt,,60,0.094,435.69,300000,Form_3350_8-22.pdf,2022-08-01
amam,easy_term,NE,59,male,1,20,100000,100000,standard_t,,60,0.094,382.96,100000,Form_3350_8-22.pdf,2022-08-01
amam,easy_term,NE,59,male,1,20,150000,150000,standard_t,,60,0.094,571.62,150000,Form_3350_8-22.pdf,2022-08-01
amam,easy_term,NE,59,male,1,20,200000,200000,standard_t,,60,0.094,760.28,200000,Form_3350_8-22.pdf,2022-08-01
amam,easy_term,NE,59,male,1,20,250000,250000,standard_t,,60,0.094,948.93,250000,Form_3350_8-22.pdf,2022-08-01
amam,easy_term,NE,59,male,1,20,300000,300000,standard_t,,60,0.094,1137.59,300000,Form_3350_8-22.pdf,2022-08-01
amam,easy_term,NE,60,male,0,20,100000,100000,standard_nt,,60,0.094,168.36,100000,Form_3350_8-22.pdf,2022-08-01
amam,easy_term,NE,60,male,0,20,150000,150000,standard_nt,,60,0.094,249.72,150000,Form_3350_8-22.pdf,2022-08-01
amam,easy_term,NE,60,male,0,20,200000,200000,standard_nt,,60,0.094,331.07,200000,Form_3350_8-22.pdf,2022-08-01
amam,easy_term,NE,60,male,0,20,250000,250000,standard_nt,,60,0.094,412.43,250000,Form_3350_8-22.pdf,2022-08-01
amam,easy_term,NE,60,male,0,20,300000,300000,standard_nt,,60,0.094,493.79,300000,Form_3350_8-22.pdf,2022-08-01
amam,easy_term,NE,60,male,1,20,100000,100000,standard_t,,60,0.094,400.82,100000,Form_3350_8-22.pdf,2022-08-01
amam,easy_term,NE,60,male,1,20,150000,150000,standard_t,,60,0.094,598.41,150000,Form_3350_8-22.pdf,2022-08-01
amam,easy_term,NE,60,male,1,20,200000,200000,standard_t,,60,0.094,796.00,200000,Form_3350_8-22.pdf,2022-08-01
amam,easy_term,NE,60,male,1,20,250000,250000,standard_t,,60,0.094,993.58,250000,Form_3350_8-22.pdf,2022-08-01
amam,easy_term,NE,60,male,1,20,300000,300000,standard_t,,60,0.094,1191.17,300000,Form_3350_8-22.pdf,2022-08-01
amam,easy_term,NE,61,male,0,20,100000,100000,standard_nt,,60,0.094,184.34,100000,Form_3350_8-22.pdf,2022-08-01
amam,easy_term,NE,61,male,0,20,150000,150000,standard_nt,,60,0.094,273.69,150000,Form_3350_8-22.pdf,2022-08-01
amam,easy_term,NE,61,male,0,20,200000,200000,standard_nt,,60,0.094,363.03,200000,Form_3350_8-22.pdf,2022-08-01
amam,easy_term,NE,61,male,0,20,250000,250000,standard_nt,,60,0.094,452.38,250000,Form_3350_8-22.pdf,2022-08-01
amam,easy_term,NE,61,male,0,20,300000,300000,standard_nt,,60,0.094,541.73,300000,Form_3350_8-22.pdf,2022-08-01
amam,easy_term,NE,61,male,1,20,100000,100000,standard_t,,60,0.094,432.50,100000,Form_3350_8-22.pdf,2022-08-01
amam,easy_term,NE,61,male,1,20,150000,150000,standard_t,,60,0.094,645.93,150000,Form_3350_8-22.pdf,2022-08-01
amam,easy_term,NE,61,male,1,20,200000,200000,standard_t,,60,0.094,859.35,200000,Form_3350_8-22.pdf,2022-08-01
amam,easy_term,NE,61,male,1,20,300000,300000,standard_t,,60,0.094,1286.21,300000,Form_3350_8-22.pdf,2022-08-01
amam,easy_term,NE,62,male,0,20,100000,100000,standard_nt,,60,0.094,201.73,100000,Form_3350_8-22.pdf,2022-08-01
amam,easy_term,NE,62,male,0,20,150000,150000,standard_nt,,60,0.094,299.77,150000,Form_3350_8-22.pdf,2022-08-01
amam,easy_term,NE,62,male,0,20,200000,200000,standard_nt,,60,0.094,397.81,200000,Form_3350_8-22.pdf,2022-08-01
amam,easy_term,NE,62,male,0,20,250000,250000,standard_nt,,60,0.094,495.85,250000,Form_3350_8-22.pdf,2022-08-01
amam,easy_term,NE,62,male,0,20,300000,300000,standard_nt,,60,0.094,593.90,300000,Form_3350_8-22.pdf,2022-08-01
amam,easy_term,NE,62,male,1,20,100000,100000,standard_t,,60,0.094,466.15,100000,Form_3350_8-22.pdf,2022-08-01
amam,easy_term,NE,62,male,1,20,150000,150000,standard_t,,60,0.094,696.40,150000,Form_3350_8-22.pdf,2022-08-01
amam,easy_term,NE,62,male,1,20,200000,200000,standard_t,,60,0.094,926.66,200000,Form_3350_8-22.pdf,2022-08-01
amam,easy_term,NE,62,male,1,20,300000,300000,standard_t,,60,0.094,1387.16,300000,Form_3350_8-22.pdf,2022-08-01
amam,easy_term,NE,63,male,0,20,100000,100000,standard_nt,,60,0.094,220.53,100000,Form_3350_8-22.pdf,2022-08-01
amam,easy_term,NE,63,male,0,20,150000,150000,standard_nt,,60,0.094,327.97,150000,Form_3350_8-22.pdf,2022-08-01
amam,easy_term,NE,63,male,0,20,200000,200000,standard_nt,,60,0.094,435.41,200000,Form_3350_8-22.pdf,2022-08-01
amam,easy_term,NE,63,male,0,20,250000,250000,standard_nt,,60,0.094,542.85,250000,Form_3350_8-22.pdf,2022-08-01
amam,easy_term,NE,63,male,0,20,300000,300000,standard_nt,,60,0.094,650.30,300000,Form_3350_8-22.pdf,2022-08-01
amam,easy_term,NE,63,male,1,20,100000,100000,standard_t,,60,0.094,501.59,100000,Form_3350_8-22.pdf,2022-08-01
amam,easy_term,NE,63,male,1,20,150000,150000,standard_t,,60,0.094,749.56,150000,Form_3350_8-22.pdf,2022-08-01
amam,easy_term,NE,63,male,1,20,200000,200000,standard_t,,60,0.094,997.53,200000,Form_3350_8-22.pdf,2022-08-01
amam,easy_term,NE,63,male,1,20,300000,300000,standard_t,,60,0.094,1493.48,300000,Form_3350_8-22.pdf,2022-08-01
amam,easy_term,NE,18,male,0,30,100000,100000,standard_nt,,60,0.094,32.90,100000,Form_3350_8-22.pdf,2022-08-01
amam,easy_term,NE,18,male,0,30,150000,150000,standard_nt,,60,0.094,46.53,150000,Form_3350_8-22.pdf,2022-08-01
amam,easy_term,NE,18,male,0,30,200000,200000,standard_nt,,60,0.094,60.16,200000,Form_3350_8-22.pdf,2022-08-01
amam,easy_term,NE,18,male,0,30,250000,250000,standard_nt,,60,0.094,73.79,250000,Form_3350_8-22.pdf,2022-08-01
amam,easy_term,NE,18,male,0,30,300000,300000,standard_nt,,60,0.094,87.42,300000,Form_3350_8-22.pdf,2022-08-01
amam,easy_term,NE,18,male,0,30,400000,400000,standard_nt,,60,0.094,114.68,400000,Form_3350_8-22.pdf,2022-08-01
amam,easy_term,NE,18,male,0,30,500000,500000,standard_nt,,60,0.094,141.94,500000,Form_3350_8-22.pdf,2022-08-01
amam,easy_term,NE,18,male,1,30,100000,100000,standard_t,,60,0.094,54.05,100000,Form_3350_8-22.pdf,2022-08-01
amam,easy_term,NE,18,male,1,30,150000,150000,standard_t,,60,0.094,78.26,150000,Form_3350_8-22.pdf,2022-08-01
amam,easy_term,NE,18,male,1,30,200000,200000,standard_t,,60,0.094,102.46,200000,Form_3350_8-22.pdf,2022-08-01
amam,easy_term,NE,18,male,1,30,250000,250000,standard_t,,60,0.094,126.67,250000,Form_3350_8-22.pdf,2022-08-01
amam,easy_term,NE,18,male,1,30,300000,300000,standard_t,,60,0.094,150.87,300000,Form_3350_8-22.pdf,2022-08-01
amam,easy_term,NE,18,male,1,30,400000,400000,standard_t,,60,0.094,199.28,400000,Form_3350_8-22.pdf,2022-08-01
amam,easy_term,NE,18,male,1,30,500000,500000,standard_t,,60,0.094,247.69,500000,Form_3350_8-22.pdf,2022-08-01
amam,easy_term,NE,19,male,0,30,100000,100000,standard_nt,,60,0.094,32.90,100000,Form_3350_8-22.pdf,2022-08-01
amam,easy_term,NE,19,male,0,30,150000,150000,standard_nt,,60,0.094,46.53,150000,Form_3350_8-22.pdf,2022-08-01
amam,easy_term,NE,19,male,0,30,200000,200000,standard_nt,,60,0.094,60.16,200000,Form_3350_8-22.pdf,2022-08-01
amam,easy_term,NE,19,male,0,30,250000,250000,standard_nt,,60,0.094,73.79,250000,Form_3350_8-22.pdf,2022-08-01
amam,easy_term,NE,19,male,0,30,300000,300000,standard_nt,,60,0.094,87.42,300000,Form_3350_8-22.pdf,2022-08-01
amam,easy_term,NE,19,male,0,30,400000,400000,standard_nt,,60,0.094,114.68,400000,Form_3350_8-22.pdf,2022-08-01
amam,easy_term,NE,19,male,0,30,500000,500000,standard_nt,,60,0.094,141.94,500000,Form_3350_8-22.pdf,2022-08-01
amam,easy_term,NE,19,male,1,30,100000,100000,standard_t,,60,0.094,54.05,100000,Form_3350_8-22.pdf,2022-08-01
amam,easy_term,NE,19,male,1,30,150000,150000,standard_t,,60,0.094,78.26,150000,Form_3350_8-22.pdf,2022-08-01
amam,easy_term,NE,19,male,1,30,200000,200000,standard_t,,60,0.094,102.46,200000,Form_3350_8-22.pdf,2022-08-01
amam,easy_term,NE,19,male,1,30,250000,250000,standard_t,,60,0.094,126.67,250000,Form_3350_8-22.pdf,2022-08-01
amam,easy_term,NE,19,male,1,30,300000,300000,standard_t,,60,0.094,150.87,300000,Form_3350_8-22.pdf,2022-08-01
amam,easy_term,NE,19,male,1,30,400000,400000,standard_t,,60,0.094,199.28,400000,Form_3350_8-22.pdf,2022-08-01
amam,easy_term,NE,19,male,1,30,500000,500000,standard_t,,60,0.094,247.69,500000,Form_3350_8-22.pdf,2022-08-01
amam,easy_term,NE,20,male,0,30,100000,100000,standard_nt,,60,0.094,32.90,100000,Form_3350_8-22.pdf,2022-08-01
amam,easy_term,NE,20,male,0,30,150000,150000,standard_nt,,60,0.094,46.53,150000,Form_3350_8-22.pdf,2022-08-01
amam,easy_term,NE,20,male,0,30,200000,200000,standard_nt,,60,0.094,60.16,200000,Form_3350_8-22.pdf,2022-08-01
amam,easy_term,NE,20,male,0,30,250000,250000,standard_nt,,60,0.094,73.79,250000,Form_3350_8-22.pdf,2022-08-01
amam,easy_term,NE,20,male,0,30,300000,300000,standard_nt,,60,0.094,87.42,300000,Form_3350_8-22.pdf,2022-08-01
amam,easy_term,NE,20,male,0,30,400000,400000,standard_nt,,60,0.094,114.68,400000,Form_3350_8-22.pdf,2022-08-01
amam,easy_term,NE,20,male,0,30,500000,500000,standard_nt,,60,0.094,141.94,500000,Form_3350_8-22.pdf,2022-08-01
amam,easy_term,NE,20,male,1,30,100000,100000,standard_t,,60,0.094,54.05,100000,Form_3350_8-22.pdf,2022-08-01
amam,easy_term,NE,20,male,1,30,150000,150000,standard_t,,60,0.094,78.26,150000,Form_3350_8-22.pdf,2022-08-01
amam,easy_term,NE,20,male,1,30,200000,200000,standard_t,,60,0.094,102.46,200000,Form_3350_8-22.pdf,2022-08-01
amam,easy_term,NE,20,male,1,30,250000,250000,standard_t,,60,0.094,126.67,250000,Form_3350_8-22.pdf,2022-08-01
amam,easy_term,NE,20,male,1,30,300000,300000,standard_t,,60,0.094,150.87,300000,Form_3350_8-22.pdf,2022-08-01
amam,easy_term,NE,20,male,1,30,400000,400000,standard_t,,60,0.094,199.28,400000,Form_3350_8-22.pdf,2022-08-01
amam,easy_term,NE,20,male,1,30,500000,500000,standard_t,,60,0.094,247.69,500000,Form_3350_8-22.pdf,2022-08-01
amam,easy_term,NE,21,male,0,30,100000,100000,standard_nt,,60,0.094,32.90,100000,Form_3350_8-22.pdf,2022-08-01
amam,easy_term,NE,21,male,0,30,150000,150000,standard_nt,,60,0.094,46.53,150000,Form_3350_8-22.pdf,2022-08-01
amam,easy_term,NE,21,male,0,30,200000,200000,standard_nt,,60,0.094,60.16,200000,Form_3350_8-22.pdf,2022-08-01
amam,easy_term,NE,21,male,0,30,250000,250000,standard_nt,,60,0.094,73.79,250000,Form_3350_8-22.pdf,2022-08-01
amam,easy_term,NE,21,male,0,30,300000,300000,standard_nt,,60,0.094,87.42,300000,Form_3350_8-22.pdf,2022-08-01
amam,easy_term,NE,21,male,0,30,400000,400000,standard_nt,,60,0.094,114.68,400000,Form_3350_8-22.pdf,2022-08-01
amam,easy_term,NE,21,male,0,30,500000,500000,standard_nt,,60,0.094,141.94,500000,Form_3350_8-22.pdf,2022-08-01
amam,easy_term,NE,21,male,1,30,100000,100000,standard_t,,60,0.094,54.05,100000,Form_3350_8-22.pdf,2022-08-01
amam,easy_term,NE,21,male,1,30,150000,150000,standard_t,,60,0.094,78.26,150000,Form_3350_8-22.pdf,2022-08-01
amam,easy_term,NE,21,male,1,30,200000,200000,standard_t,,60,0.094,102.46,200000,Form_3350_8-22.pdf,2022-08-01
amam,easy_term,NE,21,male,1,30,250000,250000,standard_t,,60,0.094,126.67,250000,Form_3350_8-22.pdf,2022-08-01
amam,easy_term,NE,21,male,1,30,300000,300000,standard_t,,60,0.094,150.87,300000,Form_3350_8-22.pdf,2022-08-01
amam,easy_term,NE,21,male,1,30,400000,400000,standard_t,,60,0.094,199.28,400000,Form_3350_8-22.pdf,2022-08-01
amam,easy_term,NE,21,male,1,30,500000,500000,standard_t,,60,0.094,247.69,500000,Form_3350_8-22.pdf,2022-08-01
amam,easy_term,NE,22,male,0,30,100000,100000,standard_nt,,60,0.094,32.90,100000,Form_3350_8-22.pdf,2022-08-01
amam,easy_term,NE,22,male,0,30,150000,150000,standard_nt,,60,0.094,46.53,150000,Form_3350_8-22.pdf,2022-08-01
amam,easy_term,NE,22,male,0,30,200000,200000,standard_nt,,60,0.094,60.16,200000,Form_3350_8-22.pdf,2022-08-01
amam,easy_term,NE,22,male,0,30,250000,250000,standard_nt,,60,0.094,73.79,250000,Form_3350_8-22.pdf,2022-08-01
amam,easy_term,NE,22,male,0,30,300000,300000,standard_nt,,60,0.094,87.42,300000,Form_3350_8-22.pdf,2022-08-01
amam,easy_term,NE,22,male,0,30,400000,400000,standard_nt,,60,0.094,114.68,400000,Form_3350_8-22.pdf,2022-08-01
amam,easy_term,NE,22,male,0,30,500000,500000,standard_nt,,60,0.094,141.94,500000,Form_3350_8-22.pdf,2022-08-01
amam,easy_term,NE,22,male,1,30,100000,100000,standard_t,,60,0.094,54.05,100000,Form_3350_8-22.pdf,2022-08-01
amam,easy_term,NE,22,male,1,30,150000,150000,standard_t,,60,0.094,78.26,150000,Form_3350_8-22.pdf,2022-08-01
amam,easy_term,NE,22,male,1,30,200000,200000,standard_t,,60,0.094,102.46,200000,Form_3350_8-22.pdf,2022-08-01
amam,easy_term,NE,22,male,1,30,250000,250000,standard_t,,60,0.094,126.67,250000,Form_3350_8-22.pdf,2022-08-01
amam,easy_term,NE,22,male,1,30,300000,300000,standard_t,,60,0.094,150.87,300000,Form_3350_8-22.pdf,2022-08-01
amam,easy_term,NE,22,male,1,30,400000,400000,standard_t,,60,0.094,199.28,400000,Form_3350_8-22.pdf,2022-08-01
amam,easy_term,NE,22,male,1,30,500000,500000,standard_t,,60,0.094,247.69,500000,Form_3350_8-22.pdf,2022-08-01
amam,easy_term,NE,23,male,0,30,100000,100000,standard_nt,,60,0.094,32.90,100000,Form_3350_8-22.pdf,2022-08-01
amam,easy_term,NE,23,male,0,30,150000,150000,standard_nt,,60,0.094,46.53,150000,Form_3350_8-22.pdf,2022-08-01
amam,easy_term,NE,23,male,0,30,200000,200000,standard_nt,,60,0.094,60.16,200000,Form_3350_8-22.pdf,2022-08-01
amam,easy_term,NE,23,male,0,30,250000,250000,standard_nt,,60,0.094,73.79,250000,Form_3350_8-22.pdf,2022-08-01
amam,easy_term,NE,23,male,0,30,300000,300000,standard_nt,,60,0.094,87.42,300000,Form_3350_8-22.pdf,2022-08-01
amam,easy_term,NE,23,male,0,30,400000,400000,standard_nt,,60,0.094,114.68,400000,Form_3350_8-22.pdf,2022-08-01
amam,easy_term,NE,23,male,0,30,500000,500000,standard_nt,,60,0.094,141.94,500000,Form_3350_8-22.pdf,2022-08-01
amam,easy_term,NE,23,male,1,30,100000,100000,standard_t,,60,0.094,54.05,100000,Form_3350_8-22.pdf,2022-08-01
amam,easy_term,NE,23,male,1,30,150000,150000,standard_t,,60,0.094,78.26,150000,Form_3350_8-22.pdf,2022-08-01
amam,easy_term,NE,23,male,1,30,200000,200000,standard_t,,60,0.094,102.46,200000,Form_3350_8-22.pdf,2022-08-01
amam,easy_term,NE,23,male,1,30,250000,250000,standard_t,,60,0.094,126.67,250000,Form_3350_8-22.pdf,2022-08-01
amam,easy_term,NE,23,male,1,30,300000,300000,standard_t,,60,0.094,150.87,300000,Form_3350_8-22.pdf,2022-08-01
amam,easy_term,NE,23,male,1,30,400000,400000,standard_t,,60,0.094,199.28,400000,Form_3350_8-22.pdf,2022-08-01
amam,easy_term,NE,23,male,1,30,500000,500000,standard_t,,60,0.094,247.69,500000,Form_3350_8-22.pdf,2022-08-01
amam,easy_term,NE,24,male,0,30,100000,100000,standard_nt,,60,0.094,32.90,100000,Form_3350_8-22.pdf,2022-08-01
amam,easy_term,NE,24,male,0,30,150000,150000,standard_nt,,60,0.094,46.53,150000,Form_3350_8-22.pdf,2022-08-01
amam,easy_term,NE,24,male,0,30,200000,200000,standard_nt,,60,0.094,60.16,200000,Form_3350_8-22.pdf,2022-08-01
amam,easy_term,NE,24,male,0,30,250000,250000,standard_nt,,60,0.094,73.79,250000,Form_3350_8-22.pdf,2022-08-01
amam,easy_term,NE,24,male,0,30,300000,300000,standard_nt,,60,0.094,87.42,300000,Form_3350_8-22.pdf,2022-08-01
amam,easy_term,NE,24,male,0,30,400000,400000,standard_nt,,60,0.094,114.68,400000,Form_3350_8-22.pdf,2022-08-01
amam,easy_term,NE,24,male,0,30,500000,500000,standard_nt,,60,0.094,141.94,500000,Form_3350_8-22.pdf,2022-08-01
amam,easy_term,NE,24,male,1,30,100000,100000,standard_t,,60,0.094,54.05,100000,Form_3350_8-22.pdf,2022-08-01
amam,easy_term,NE,24,male,1,30,150000,150000,standard_t,,60,0.094,78.26,150000,Form_3350_8-22.pdf,2022-08-01
amam,easy_term,NE,24,male,1,30,200000,200000,standard_t,,60,0.094,102.46,200000,Form_3350_8-22.pdf,2022-08-01
amam,easy_term,NE,24,male,1,30,250000,250000,standard_t,,60,0.094,126.67,250000,Form_3350_8-22.pdf,2022-08-01
amam,easy_term,NE,24,male,1,30,300000,300000,standard_t,,60,0.094,150.87,300000,Form_3350_8-22.pdf,2022-08-01
amam,easy_term,NE,24,male,1,30,400000,400000,standard_t,,60,0.094,199.28,400000,Form_3350_8-22.pdf,2022-08-01
amam,easy_term,NE,24,male,1,30,500000,500000,standard_t,,60,0.094,247.69,500000,Form_3350_8-22.pdf,2022-08-01
amam,easy_term,NE,25,male,0,30,100000,100000,standard_nt,,60,0.094,32.90,100000,Form_3350_8-22.pdf,2022-08-01
amam,easy_term,NE,25,male,0,30,150000,150000,standard_nt,,60,0.094,46.53,150000,Form_3350_8-22.pdf,2022-08-01
amam,easy_term,NE,25,male,0,30,200000,200000,standard_nt,,60,0.094,60.16,200000,Form_3350_8-22.pdf,2022-08-01
amam,easy_term,NE,25,male,0,30,250000,250000,standard_nt,,60,0.094,73.79,250000,Form_3350_8-22.pdf,2022-08-01
amam,easy_term,NE,25,male,0,30,300000,300000,standard_nt,,60,0.094,87.42,300000,Form_3350_8-22.pdf,2022-08-01
amam,easy_term,NE,25,male,0,30,400000,400000,standard_nt,,60,0.094,114.68,400000,Form_3350_8-22.pdf,2022-08-01
amam,easy_term,NE,25,male,0,30,500000,500000,standard_nt,,60,0.094,141.94,500000,Form_3350_8-22.pdf,2022-08-01
amam,easy_term,NE,25,male,1,30,100000,100000,standard_t,,60,0.094,54.05,100000,Form_3350_8-22.pdf,2022-08-01
amam,easy_term,NE,25,male,1,30,150000,150000,standard_t,,60,0.094,78.26,150000,Form_3350_8-22.pdf,2022-08-01
amam,easy_term,NE,25,male,1,30,200000,200000,standard_t,,60,0.094,102.46,200000,Form_3350_8-22.pdf,2022-08-01
amam,easy_term,NE,25,male,1,30,250000,250000,standard_t,,60,0.094,126.67,250000,Form_3350_8-22.pdf,2022-08-01
amam,easy_term,NE,25,male,1,30,300000,300000,standard_t,,60,0.094,150.87,300000,Form_3350_8-22.pdf,2022-08-01
amam,easy_term,NE,25,male,1,30,400000,400000,standard_t,,60,0.094,199.28,400000,Form_3350_8-22.pdf,2022-08-01
amam,easy_term,NE,25,male,1,30,500000,500000,standard_t,,60,0.094,247.69,500000,Form_3350_8-22.pdf,2022-08-01
amam,easy_term,NE,26,male,0,30,100000,100000,standard_nt,,60,0.094,33.66,100000,Form_3350_8-22.pdf,2022-08-01
amam,easy_term,NE,26,male,0,30,150000,150000,standard_nt,,60,0.094,47.66,150000,Form_3350_8-22.pdf,2022-08-01
amam,easy_term,NE,26,male,0,30,200000,200000,standard_nt,,60,0.094,61.67,200000,Form_3350_8-22.pdf,2022-08-01
amam,easy_term,NE,26,male,0,30,250000,250000,standard_nt,,60,0.094,75.67,250000,Form_3350_8-22.pdf,2022-08-01
amam,easy_term,NE,26,male,0,30,300000,300000,standard_nt,,60,0.094,89.68,300000,Form_3350_8-22.pdf,2022-08-01
amam,easy_term,NE,26,male,0,30,400000,400000,standard_nt,,60,0.094,117.69,400000,Form_3350_8-22.pdf,2022-08-01
amam,easy_term,NE,26,male,0,30,500000,500000,standard_nt,,60,0.094,145.70,500000,Form_3350_8-22.pdf,2022-08-01
amam,easy_term,NE,26,male,1,30,100000,100000,standard_t,,60,0.094,55.75,100000,Form_3350_8-22.pdf,2022-08-01
amam,easy_term,NE,26,male,1,30,150000,150000,standard_t,,60,0.094,80.80,150000,Form_3350_8-22.pdf,2022-08-01
amam,easy_term,NE,26,male,1,30,200000,200000,standard_t,,60,0.094,105.85,200000,Form_3350_8-22.pdf,2022-08-01
amam,easy_term,NE,26,male,1,30,250000,250000,standard_t,,60,0.094,130.90,250000,Form_3350_8-22.pdf,2022-08-01
amam,easy_term,NE,26,male,1,30,300000,300000,standard_t,,60,0.094,155.95,300000,Form_3350_8-22.pdf,2022-08-01
amam,easy_term,NE,26,male,1,30,400000,400000,standard_t,,60,0.094,206.05,400000,Form_3350_8-22.pdf,2022-08-01
amam,easy_term,NE,26,male,1,30,500000,500000,standard_t,,60,0.094,256.15,500000,Form_3350_8-22.pdf,2022-08-01
amam,easy_term,NE,27,male,0,30,100000,100000,standard_nt,,60,0.094,34.41,100000,Form_3350_8-22.pdf,2022-08-01
amam,easy_term,NE,27,male,0,30,150000,150000,standard_nt,,60,0.094,48.79,150000,Form_3350_8-22.pdf,2022-08-01
amam,easy_term,NE,27,male,0,30,200000,200000,standard_nt,,60,0.094,63.17,200000,Form_3350_8-22.pdf,2022-08-01
amam,easy_term,NE,27,male,0,30,250000,250000,standard_nt,,60,0.094,77.55,250000,Form_3350_8-22.pdf,2022-08-01
amam,easy_term,NE,27,male,0,30,300000,300000,standard_nt,,60,0.094,91.94,300000,Form_3350_8-22.pdf,2022-08-01
amam,easy_term,NE,27,male,0,30,400000,400000,standard_nt,,60,0.094,120.70,400000,Form_3350_8-22.pdf,2022-08-01
amam,easy_term,NE,27,male,0,30,500000,500000,standard_nt,,60,0.094,149.46,500000,Form_3350_8-22.pdf,2022-08-01
amam,easy_term,NE,27,male,1,30,100000,100000,standard_t,,60,0.094,57.44,100000,Form_3350_8-22.pdf,2022-08-01
amam,easy_term,NE,27,male,1,30,150000,150000,standard_t,,60,0.094,83.34,150000,Form_3350_8-22.pdf,2022-08-01
amam,easy_term,NE,27,male,1,30,200000,200000,standard_t,,60,0.094,109.23,200000,Form_3350_8-22.pdf,2022-08-01
amam,easy_term,NE,27,male,1,30,250000,250000,standard_t,,60,0.094,135.13,250000,Form_3350_8-22.pdf,2022-08-01
amam,easy_term,NE,27,male,1,30,300000,300000,standard_t,,60,0.094,161.03,300000,Form_3350_8-22.pdf,2022-08-01
amam,easy_term,NE,27,male,1,30,400000,400000,standard_t,,60,0.094,212.82,400000,Form_3350_8-22.pdf,2022-08-01
amam,easy_term,NE,27,male,1,30,500000,500000,standard_t,,60,0.094,264.61,500000,Form_3350_8-22.pdf,2022-08-01
amam,easy_term,NE,28,male,0,30,100000,100000,standard_nt,,60,0.094,35.16,100000,Form_3350_8-22.pdf,2022-08-01
amam,easy_term,NE,28,male,0,30,150000,150000,standard_nt,,60,0.094,49.92,150000,Form_3350_8-22.pdf,2022-08-01
amam,easy_term,NE,28,male,0,30,200000,200000,standard_nt,,60,0.094,64.68,200000,Form_3350_8-22.pdf,2022-08-01
amam,easy_term,NE,28,male,0,30,250000,250000,standard_nt,,60,0.094,79.43,250000,Form_3350_8-22.pdf,2022-08-01
amam,easy_term,NE,28,male,0,30,300000,300000,standard_nt,,60,0.094,94.19,300000,Form_3350_8-22.pdf,2022-08-01
amam,easy_term,NE,28,male,0,30,400000,400000,standard_nt,,60,0.094,123.71,400000,Form_3350_8-22.pdf,2022-08-01
amam,easy_term,NE,28,male,0,30,500000,500000,standard_nt,,60,0.094,153.22,500000,Form_3350_8-22.pdf,2022-08-01
amam,easy_term,NE,28,male,1,30,100000,100000,standard_t,,60,0.094,59.13,100000,Form_3350_8-22.pdf,2022-08-01
amam,easy_term,NE,28,male,1,30,150000,150000,standard_t,,60,0.094,85.87,150000,Form_3350_8-22.pdf,2022-08-01
amam,easy_term,NE,28,male,1,30,200000,200000,standard_t,,60,0.094,112.62,200000,Form_3350_8-22.pdf,2022-08-01
amam,easy_term,NE,28,male,1,30,250000,250000,standard_t,,60,0.094,139.36,250000,Form_3350_8-22.pdf,2022-08-01
amam,easy_term,NE,28,male,1,30,300000,300000,standard_t,,60,0.094,166.10,300000,Form_3350_8-22.pdf,2022-08-01
amam,easy_term,NE,28,male,1,30,400000,400000,standard_t,,60,0.094,219.59,400000,Form_3350_8-22.pdf,2022-08-01
amam,easy_term,NE,28,male,1,30,500000,500000,standard_t,,60,0.094,273.07,500000,Form_3350_8-22.pdf,2022-08-01
amam,easy_term,NE,29,male,0,30,100000,100000,standard_nt,,60,0.094,36.01,100000,Form_3350_8-22.pdf,2022-08-01
amam,easy_term,NE,29,male,0,30,150000,150000,standard_nt,,60,0.094,51.19,150000,Form_3350_8-22.pdf,2022-08-01
amam,easy_term,NE,29,male,0,30,200000,200000,standard_nt,,60,0.094,66.37,200000,Form_3350_8-22.pdf,2022-08-01
amam,easy_term,NE,29,male,0,30,250000,250000,standard_nt,,60,0.094,81.55,250000,Form_3350_8-22.pdf,2022-08-01
amam,easy_term,NE,29,male,0,30,300000,300000,standard_nt,,60,0.094,96.73,300000,Form_3350_8-22.pdf,2022-08-01
amam,easy_term,NE,29,male,0,30,400000,400000,standard_nt,,60,0.094,127.09,400000,Form_3350_8-22.pdf,2022-08-01
amam,easy_term,NE,29,male,0,30,500000,500000,standard_nt,,60,0.094,157.45,500000,Form_3350_8-22.pdf,2022-08-01
amam,easy_term,NE,29,male,1,30,100000,100000,standard_t,,60,0.094,60.82,100000,Form_3350_8-22.pdf,2022-08-01
amam,easy_term,NE,29,male,1,30,150000,150000,standard_t,,60,0.094,88.41,150000,Form_3350_8-22.pdf,2022-08-01
amam,easy_term,NE,29,male,1,30,200000,200000,standard_t,,60,0.094,116.00,200000,Form_3350_8-22.pdf,2022-08-01
amam,easy_term,NE,29,male,1,30,250000,250000,standard_t,,60,0.094,143.59,250000,Form_3350_8-22.pdf,2022-08-01
amam,easy_term,NE,29,male,1,30,300000,300000,standard_t,,60,0.094,171.18,300000,Form_3350_8-22.pdf,2022-08-01
amam,easy_term,NE,29,male,1,30,400000,400000,standard_t,,60,0.094,226.36,400000,Form_3350_8-22.pdf,2022-08-01
amam,easy_term,NE,29,male,1,30,500000,500000,standard_t,,60,0.094,281.53,500000,Form_3350_8-22.pdf,2022-08-01
amam,easy_term,NE,30,male,0,30,100000,100000,standard_nt,,60,0.094,36.85,100000,Form_3350_8-22.pdf,2022-08-01
amam,easy_term,NE,30,male,0,30,150000,150000,standard_nt,,60,0.094,52.46,150000,Form_3350_8-22.pdf,2022-08-01
amam,easy_term,NE,30,male,0,30,200000,200000,standard_nt,,60,0.094,68.06,200000,Form_3350_8-22.pdf,2022-08-01
amam,easy_term,NE,30,male,0,30,250000,250000,standard_nt,,60,0.094,83.66,250000,Form_3350_8-22.pdf,2022-08-01
amam,easy_term,NE,30,male,0,30,300000,300000,standard_nt,,60,0.094,99.27,300000,Form_3350_8-22.pdf,2022-08-01
amam,easy_term,NE,30,male,0,30,400000,400000,standard_nt,,60,0.094,130.48,400000,Form_3350_8-22.pdf,2022-08-01
amam,easy_term,NE,30,male,0,30,500000,500000,standard_nt,,60,0.094,161.68,500000,Form_3350_8-22.pdf,2022-08-01
amam,easy_term,NE,30,male,1,30,100000,100000,standard_t,,60,0.094,62.61,100000,Form_3350_8-22.pdf,2022-08-01
amam,easy_term,NE,30,male,1,30,150000,150000,standard_t,,60,0.094,91.09,150000,Form_3350_8-22.pdf,2022-08-01
amam,easy_term,NE,30,male,1,30,200000,200000,standard_t,,60,0.094,119.57,200000,Form_3350_8-22.pdf,2022-08-01
amam,easy_term,NE,30,male,1,30,250000,250000,standard_t,,60,0.094,148.05,250000,Form_3350_8-22.pdf,2022-08-01
amam,easy_term,NE,30,male,1,30,300000,300000,standard_t,,60,0.094,176.54,300000,Form_3350_8-22.pdf,2022-08-01
amam,easy_term,NE,30,male,1,30,400000,400000,standard_t,,60,0.094,233.50,400000,Form_3350_8-22.pdf,2022-08-01
amam,easy_term,NE,30,male,1,30,500000,500000,standard_t,,60,0.094,290.46,500000,Form_3350_8-22.pdf,2022-08-01
amam,easy_term,NE,31,male,0,30,100000,100000,standard_nt,,60,0.094,37.79,100000,Form_3350_8-22.pdf,2022-08-01
amam,easy_term,NE,31,male,0,30,150000,150000,standard_nt,,60,0.094,53.87,150000,Form_3350_8-22.pdf,2022-08-01
amam,easy_term,NE,31,male,0,30,200000,200000,standard_nt,,60,0.094,69.94,200000,Form_3350_8-22.pdf,2022-08-01
amam,easy_term,NE,31,male,0,30,250000,250000,standard_nt,,60,0.094,86.01,250000,Form_3350_8-22.pdf,2022-08-01
amam,easy_term,NE,31,male,0,30,300000,300000,standard_nt,,60,0.094,102.09,300000,Form_3350_8-22.pdf,2022-08-01
amam,easy_term,NE,31,male,0,30,400000,400000,standard_nt,,60,0.094,134.24,400000,Form_3350_8-22.pdf,2022-08-01
amam,easy_term,NE,31,male,0,30,500000,500000,standard_nt,,60,0.094,166.38,500000,Form_3350_8-22.pdf,2022-08-01
amam,easy_term,NE,31,male,1,30,100000,100000,standard_t,,60,0.094,65.33,100000,Form_3350_8-22.pdf,2022-08-01
amam,easy_term,NE,31,male,1,30,150000,150000,standard_t,,60,0.094,95.18,150000,Form_3350_8-22.pdf,2022-08-01
amam,easy_term,NE,31,male,1,30,200000,200000,standard_t,,60,0.094,125.02,200000,Form_3350_8-22.pdf,2022-08-01
amam,easy_term,NE,31,male,1,30,250000,250000,standard_t,,60,0.094,154.87,250000,Form_3350_8-22.pdf,2022-08-01
amam,easy_term,NE,31,male,1,30,300000,300000,standard_t,,60,0.094,184.71,300000,Form_3350_8-22.pdf,2022-08-01
amam,easy_term,NE,31,male,1,30,400000,400000,standard_t,,60,0.094,244.40,400000,Form_3350_8-22.pdf,2022-08-01
amam,easy_term,NE,31,male,1,30,500000,500000,standard_t,,60,0.094,304.09,500000,Form_3350_8-22.pdf,2022-08-01
amam,easy_term,NE,32,male,0,30,100000,100000,standard_nt,,60,0.094,39.11,100000,Form_3350_8-22.pdf,2022-08-01
amam,easy_term,NE,32,male,0,30,150000,150000,standard_nt,,60,0.094,55.84,150000,Form_3350_8-22.pdf,2022-08-01
amam,easy_term,NE,32,male,0,30,200000,200000,standard_nt,,60,0.094,72.57,200000,Form_3350_8-22.pdf,2022-08-01
amam,easy_term,NE,32,male,0,30,250000,250000,standard_nt,,60,0.094,89.30,250000,Form_3350_8-22.pdf,2022-08-01
amam,easy_term,NE,32,male,0,30,300000,300000,standard_nt,,60,0.094,106.04,300000,Form_3350_8-22.pdf,2022-08-01
amam,easy_term,NE,32,male,0,30,400000,400000,standard_nt,,60,0.094,139.50,400000,Form_3350_8-22.pdf,2022-08-01
amam,easy_term,NE,32,male,0,30,500000,500000,standard_nt,,60,0.094,172.96,500000,Form_3350_8-22.pdf,2022-08-01
amam,easy_term,NE,32,male,1,30,100000,100000,standard_t,,60,0.094,66.93,100000,Form_3350_8-22.pdf,2022-08-01
amam,easy_term,NE,32,male,1,30,150000,150000,standard_t,,60,0.094,97.58,150000,Form_3350_8-22.pdf,2022-08-01
amam,easy_term,NE,32,male,1,30,200000,200000,standard_t,,60,0.094,128.22,200000,Form_3350_8-22.pdf,2022-08-01
amam,easy_term,NE,32,male,1,30,250000,250000,standard_t,,60,0.094,158.86,250000,Form_3350_8-22.pdf,2022-08-01
amam,easy_term,NE,32,male,1,30,300000,300000,standard_t,,60,0.094,189.51,300000,Form_3350_8-22.pdf,2022-08-01
amam,easy_term,NE,32,male,1,30,400000,400000,standard_t,,60,0.094,250.80,400000,Form_3350_8-22.pdf,2022-08-01
amam,easy_term,NE,32,male,1,30,500000,500000,standard_t,,60,0.094,312.08,500000,Form_3350_8-22.pdf,2022-08-01
amam,easy_term,NE,33,male,0,30,100000,100000,standard_nt,,60,0.094,39.86,100000,Form_3350_8-22.pdf,2022-08-01
amam,easy_term,NE,33,male,0,30,150000,150000,standard_nt,,60,0.094,56.97,150000,Form_3350_8-22.pdf,2022-08-01
amam,easy_term,NE,33,male,0,30,200000,200000,standard_nt,,60,0.094,74.08,200000,Form_3350_8-22.pdf,2022-08-01
amam,easy_term,NE,33,male,0,30,250000,250000,standard_nt,,60,0.094,91.18,250000,Form_3350_8-22.pdf,2022-08-01
amam,easy_term,NE,33,male,0,30,300000,300000,standard_nt,,60,0.094,108.29,300000,Form_3350_8-22.pdf,2022-08-01
amam,easy_term,NE,33,male,0,30,400000,400000,standard_nt,,60,0.094,142.51,400000,Form_3350_8-22.pdf,2022-08-01
amam,easy_term,NE,33,male,0,30,500000,500000,standard_nt,,60,0.094,176.72,500000,Form_3350_8-22.pdf,2022-08-01
amam,easy_term,NE,33,male,1,30,100000,100000,standard_t,,60,0.094,68.53,100000,Form_3350_8-22.pdf,2022-08-01
amam,easy_term,NE,33,male,1,30,150000,150000,standard_t,,60,0.094,99.97,150000,Form_3350_8-22.pdf,2022-08-01
amam,easy_term,NE,33,male,1,30,200000,200000,standard_t,,60,0.094,131.42,200000,Form_3350_8-22.pdf,2022-08-01
amam,easy_term,NE,33,male,1,30,250000,250000,standard_t,,60,0.094,162.86,250000,Form_3350_8-22.pdf,2022-08-01
amam,easy_term,NE,33,male,1,30,300000,300000,standard_t,,60,0.094,194.30,300000,Form_3350_8-22.pdf,2022-08-01
amam,easy_term,NE,33,male,1,30,400000,400000,standard_t,,60,0.094,257.19,400000,Form_3350_8-22.pdf,2022-08-01
amam,easy_term,NE,33,male,1,30,500000,500000,standard_t,,60,0.094,320.07,500000,Form_3350_8-22.pdf,2022-08-01
amam,easy_term,NE,34,male,0,30,100000,100000,standard_nt,,60,0.094,40.71,100000,Form_3350_8-22.pdf,2022-08-01
amam,easy_term,NE,34,male,0,30,150000,150000,standard_nt,,60,0.094,58.24,150000,Form_3350_8-22.pdf,2022-08-01
amam,easy_term,NE,34,male,0,30,200000,200000,standard_nt,,60,0.094,75.77,200000,Form_3350_8-22.pdf,2022-08-01
amam,easy_term,NE,34,male,0,30,250000,250000,standard_nt,,60,0.094,93.30,250000,Form_3350_8-22.pdf,2022-08-01
amam,easy_term,NE,34,male,0,30,300000,300000,standard_nt,,60,0.094,110.83,300000,Form_3350_8-22.pdf,2022-08-01
amam,easy_term,NE,34,male,0,30,400000,400000,standard_nt,,60,0.094,145.89,400000,Form_3350_8-22.pdf,2022-08-01
amam,easy_term,NE,34,male,0,30,500000,500000,standard_nt,,60,0.094,180.95,500000,Form_3350_8-22.pdf,2022-08-01
amam,easy_term,NE,34,male,1,30,100000,100000,standard_t,,60,0.094,70.22,100000,Form_3350_8-22.pdf,2022-08-01
amam,easy_term,NE,34,male,1,30,150000,150000,standard_t,,60,0.094,102.51,150000,Form_3350_8-22.pdf,2022-08-01
amam,easy_term,NE,34,male,1,30,200000,200000,standard_t,,60,0.094,134.80,200000,Form_3350_8-22.pdf,2022-08-01
amam,easy_term,NE,34,male,1,30,250000,250000,standard_t,,60,0.094,167.09,250000,Form_3350_8-22.pdf,2022-08-01
amam,easy_term,NE,34,male,1,30,300000,300000,standard_t,,60,0.094,199.38,300000,Form_3350_8-22.pdf,2022-08-01
amam,easy_term,NE,34,male,1,30,400000,400000,standard_t,,60,0.094,263.96,400000,Form_3350_8-22.pdf,2022-08-01
amam,easy_term,NE,34,male,1,30,500000,500000,standard_t,,60,0.094,328.53,500000,Form_3350_8-22.pdf,2022-08-01
amam,easy_term,NE,35,male,0,30,100000,100000,standard_nt,,60,0.094,41.46,100000,Form_3350_8-22.pdf,2022-08-01
amam,easy_term,NE,35,male,0,30,150000,150000,standard_nt,,60,0.094,59.37,150000,Form_3350_8-22.pdf,2022-08-01
amam,easy_term,NE,35,male,0,30,200000,200000,standard_nt,,60,0.094,77.27,200000,Form_3350_8-22.pdf,2022-08-01
amam,easy_term,NE,35,male,0,30,250000,250000,standard_nt,,60,0.094,95.18,250000,Form_3350_8-22.pdf,2022-08-01
amam,easy_term,NE,35,male,0,30,300000,300000,standard_nt,,60,0.094,113.09,300000,Form_3350_8-22.pdf,2022-08-01
amam,easy_term,NE,35,male,0,30,400000,400000,standard_nt,,60,0.094,148.90,400000,Form_3350_8-22.pdf,2022-08-01
amam,easy_term,NE,35,male,0,30,500000,500000,standard_nt,,60,0.094,184.71,500000,Form_3350_8-22.pdf,2022-08-01
amam,easy_term,NE,35,male,1,30,100000,100000,standard_t,,60,0.094,71.82,100000,Form_3350_8-22.pdf,2022-08-01
amam,easy_term,NE,35,male,1,30,150000,150000,standard_t,,60,0.094,104.91,150000,Form_3350_8-22.pdf,2022-08-01
amam,easy_term,NE,35,male,1,30,200000,200000,standard_t,,60,0.094,138.00,200000,Form_3350_8-22.pdf,2022-08-01
amam,easy_term,NE,35,male,1,30,250000,250000,standard_t,,60,0.094,171.08,250000,Form_3350_8-22.pdf,2022-08-01
amam,easy_term,NE,35,male,1,30,300000,300000,standard_t,,60,0.094,204.17,300000,Form_3350_8-22.pdf,2022-08-01
amam,easy_term,NE,35,male,1,30,400000,400000,standard_t,,60,0.094,270.35,400000,Form_3350_8-22.pdf,2022-08-01
amam,easy_term,NE,35,male,1,30,500000,500000,standard_t,,60,0.094,336.52,500000,Form_3350_8-22.pdf,2022-08-01
amam,easy_term,NE,36,male,0,30,100000,100000,standard_nt,,60,0.094,44.28,100000,Form_3350_8-22.pdf,2022-08-01
amam,easy_term,NE,36,male,0,30,150000,150000,standard_nt,,60,0.094,63.60,150000,Form_3350_8-22.pdf,2022-08-01
amam,easy_term,NE,36,male,0,30,200000,200000,standard_nt,,60,0.094,82.91,200000,Form_3350_8-22.pdf,2022-08-01
amam,easy_term,NE,36,male,0,30,250000,250000,standard_nt,,60,0.094,102.23,250000,Form_3350_8-22.pdf,2022-08-01
amam,easy_term,NE,36,male,0,30,300000,300000,standard_nt,,60,0.094,121.55,300000,Form_3350_8-22.pdf,2022-08-01
amam,easy_term,NE,36,male,0,30,400000,400000,standard_nt,,60,0.094,160.18,400000,Form_3350_8-22.pdf,2022-08-01
amam,easy_term,NE,36,male,0,30,500000,500000,standard_nt,,60,0.094,198.81,500000,Form_3350_8-22.pdf,2022-08-01
amam,easy_term,NE,36,male,1,30,100000,100000,standard_t,,60,0.094,78.02,100000,Form_3350_8-22.pdf,2022-08-01
amam,easy_term,NE,36,male,1,30,150000,150000,standard_t,,60,0.094,114.21,150000,Form_3350_8-22.pdf,2022-08-01
amam,easy_term,NE,36,male,1,30,200000,200000,standard_t,,60,0.094,150.40,200000,Form_3350_8-22.pdf,2022-08-01
amam,easy_term,NE,36,male,1,30,250000,250000,standard_t,,60,0.094,186.59,250000,Form_3350_8-22.pdf,2022-08-01
amam,easy_term,NE,36,male,1,30,300000,300000,standard_t,,60,0.094,222.78,300000,Form_3350_8-22.pdf,2022-08-01
amam,easy_term,NE,36,male,1,30,400000,400000,standard_t,,60,0.094,295.16,400000,Form_3350_8-22.pdf,2022-08-01
amam,easy_term,NE,36,male,1,30,500000,500000,standard_t,,60,0.094,367.54,500000,Form_3350_8-22.pdf,2022-08-01
amam,easy_term,NE,37,male,0,30,100000,100000,standard_nt,,60,0.094,47.29,100000,Form_3350_8-22.pdf,2022-08-01
amam,easy_term,NE,37,male,0,30,150000,150000,standard_nt,,60,0.094,68.11,150000,Form_3350_8-22.pdf,2022-08-01
amam,easy_term,NE,37,male,0,30,200000,200000,standard_nt,,60,0.094,88.93,200000,Form_3350_8-22.pdf,2022-08-01
amam,easy_term,NE,37,male,0,30,250000,250000,standard_nt,,60,0.094,109.75,250000,Form_3350_8-22.pdf,2022-08-01
amam,easy_term,NE,37,male,0,30,300000,300000,standard_nt,,60,0.094,130.57,300000,Form_3350_8-22.pdf,2022-08-01
amam,easy_term,NE,37,male,0,30,400000,400000,standard_nt,,60,0.094,172.21,400000,Form_3350_8-22.pdf,2022-08-01
amam,easy_term,NE,37,male,0,30,500000,500000,standard_nt,,60,0.094,213.85,500000,Form_3350_8-22.pdf,2022-08-01
amam,easy_term,NE,37,male,1,30,100000,100000,standard_t,,60,0.094,84.60,100000,Form_3350_8-22.pdf,2022-08-01
amam,easy_term,NE,37,male,1,30,150000,150000,standard_t,,60,0.094,124.08,150000,Form_3350_8-22.pdf,2022-08-01
amam,easy_term,NE,37,male,1,30,200000,200000,standard_t,,60,0.094,163.56,200000,Form_3350_8-22.pdf,2022-08-01
amam,easy_term,NE,37,male,1,30,250000,250000,standard_t,,60,0.094,203.04,250000,Form_3350_8-22.pdf,2022-08-01
amam,easy_term,NE,37,male,1,30,300000,300000,standard_t,,60,0.094,242.52,300000,Form_3350_8-22.pdf,2022-08-01
amam,easy_term,NE,37,male,1,30,400000,400000,standard_t,,60,0.094,321.48,400000,Form_3350_8-22.pdf,2022-08-01
amam,easy_term,NE,37,male,1,30,500000,500000,standard_t,,60,0.094,400.44,500000,Form_3350_8-22.pdf,2022-08-01
amam,easy_term,NE,38,male,0,30,100000,100000,standard_nt,,60,0.094,50.58,100000,Form_3350_8-22.pdf,2022-08-01
amam,easy_term,NE,38,male,0,30,150000,150000,standard_nt,,60,0.094,73.04,150000,Form_3350_8-22.pdf,2022-08-01
amam,easy_term,NE,38,male,0,30,200000,200000,standard_nt,,60,0.094,95.51,200000,Form_3350_8-22.pdf,2022-08-01
amam,easy_term,NE,38,male,0,30,250000,250000,standard_nt,,60,0.094,117.97,250000,Form_3350_8-22.pdf,2022-08-01
amam,easy_term,NE,38,male,0,30,300000,300000,standard_nt,,60,0.094,140.44,300000,Form_3350_8-22.pdf,2022-08-01
amam,easy_term,NE,38,male,0,30,400000,400000,standard_nt,,60,0.094,185.37,400000,Form_3350_8-22.pdf,2022-08-01
amam,easy_term,NE,38,male,0,30,500000,500000,standard_nt,,60,0.094,230.30,500000,Form_3350_8-22.pdf,2022-08-01
amam,easy_term,NE,38,male,1,30,100000,100000,standard_t,,60,0.094,92.03,100000,Form_3350_8-22.pdf,2022-08-01
amam,easy_term,NE,38,male,1,30,150000,150000,standard_t,,60,0.094,135.22,150000,Form_3350_8-22.pdf,2022-08-01
amam,easy_term,NE,38,male,1,30,200000,200000,standard_t,,60,0.094,178.42,200000,Form_3350_8-22.pdf,2022-08-01
amam,easy_term,NE,38,male,1,30,250000,250000,standard_t,,60,0.094,221.61,250000,Form_3350_8-22.pdf,2022-08-01
amam,easy_term,NE,38,male,1,30,300000,300000,standard_t,,60,0.094,264.80,300000,Form_3350_8-22.pdf,2022-08-01
amam,easy_term,NE,38,male,1,30,400000,400000,standard_t,,60,0.094,351.19,400000,Form_3350_8-22.pdf,2022-08-01
amam,easy_term,NE,38,male,1,30,500000,500000,standard_t,,60,0.094,437.57,500000,Form_3350_8-22.pdf,2022-08-01
amam,easy_term,NE,39,male,0,30,100000,100000,standard_nt,,60,0.094,54.24,100000,Form_3350_8-22.pdf,2022-08-01
amam,easy_term,NE,39,male,0,30,150000,150000,standard_nt,,60,0.094,78.54,150000,Form_3350_8-22.pdf,2022-08-01
amam,easy_term,NE,39,male,0,30,200000,200000,standard_nt,,60,0.094,102.84,200000,Form_3350_8-22.pdf,2022-08-01
amam,easy_term,NE,39,male,0,30,250000,250000,standard_nt,,60,0.094,127.14,250000,Form_3350_8-22.pdf,2022-08-01
amam,easy_term,NE,39,male,0,30,300000,300000,standard_nt,,60,0.094,151.44,300000,Form_3350_8-22.pdf,2022-08-01
amam,easy_term,NE,39,male,0,30,400000,400000,standard_nt,,60,0.094,200.04,400000,Form_3350_8-22.pdf,2022-08-01
amam,easy_term,NE,39,male,0,30,500000,500000,standard_nt,,60,0.094,248.63,500000,Form_3350_8-22.pdf,2022-08-01
amam,easy_term,NE,39,male,1,30,100000,100000,standard_t,,60,0.094,100.11,100000,Form_3350_8-22.pdf,2022-08-01
amam,easy_term,NE,39,male,1,30,150000,150000,standard_t,,60,0.094,147.35,150000,Form_3350_8-22.pdf,2022-08-01
amam,easy_term,NE,39,male,1,30,200000,200000,standard_t,,60,0.094,194.58,200000,Form_3350_8-22.pdf,2022-08-01
amam,easy_term,NE,39,male,1,30,250000,250000,standard_t,,60,0.094,241.82,250000,Form_3350_8-22.pdf,2022-08-01
amam,easy_term,NE,39,male,1,30,300000,300000,standard_t,,60,0.094,289.05,300000,Form_3350_8-22.pdf,2022-08-01
amam,easy_term,NE,39,male,1,30,400000,400000,standard_t,,60,0.094,383.52,400000,Form_3350_8-22.pdf,2022-08-01
amam,easy_term,NE,39,male,1,30,500000,500000,standard_t,,60,0.094,477.99,500000,Form_3350_8-22.pdf,2022-08-01
amam,easy_term,NE,40,male,0,30,100000,100000,standard_nt,,60,0.094,58.28,100000,Form_3350_8-22.pdf,2022-08-01
amam,easy_term,NE,40,male,0,30,150000,150000,standard_nt,,60,0.094,84.60,150000,Form_3350_8-22.pdf,2022-08-01
amam,easy_term,NE,40,male,0,30,200000,200000,standard_nt,,60,0.094,110.92,200000,Form_3350_8-22.pdf,2022-08-01
amam,easy_term,NE,40,male,0,30,250000,250000,standard_nt,,60,0.094,137.24,250000,Form_3350_8-22.pdf,2022-08-01
amam,easy_term,NE,40,male,0,30,300000,300000,standard_nt,,60,0.094,163.56,300000,Form_3350_8-22.pdf,2022-08-01
amam,easy_term,NE,40,male,0,30,400000,400000,standard_nt,,60,0.094,216.20,400000,Form_3350_8-22.pdf,2022-08-01
amam,easy_term,NE,40,male,0,30,500000,500000,standard_nt,,60,0.094,268.84,500000,Form_3350_8-22.pdf,2022-08-01
amam,easy_term,NE,40,male,1,30,100000,100000,standard_t,,60,0.094,108.95,100000,Form_3350_8-22.pdf,2022-08-01
amam,easy_term,NE,40,male,1,30,150000,150000,standard_t,,60,0.094,160.60,150000,Form_3350_8-22.pdf,2022-08-01
amam,easy_term,NE,40,male,1,30,200000,200000,standard_t,,60,0.094,212.26,200000,Form_3350_8-22.pdf,2022-08-01
amam,easy_term,NE,40,male,1,30,250000,250000,standard_t,,60,0.094,263.91,250000,Form_3350_8-22.pdf,2022-08-01
amam,easy_term,NE,40,male,1,30,300000,300000,standard_t,,60,0.094,315.56,300000,Form_3350_8-22.pdf,2022-08-01
amam,easy_term,NE,40,male,1,30,400000,400000,standard_t,,60,0.094,418.87,400000,Form_3350_8-22.pdf,2022-08-01
amam,easy_term,NE,40,male,1,30,500000,500000,standard_t,,60,0.094,522.17,500000,Form_3350_8-22.pdf,2022-08-01
amam,easy_term,NE,41,male,0,30,100000,100000,standard_nt,,60,0.094,62.80,100000,Form_3350_8-22.pdf,2022-08-01
amam,easy_term,NE,41,male,0,30,150000,150000,standard_nt,,60,0.094,91.37,150000,Form_3350_8-22.pdf,2022-08-01
amam,easy_term,NE,41,male,0,30,200000,200000,standard_nt,,60,0.094,119.95,200000,Form_3350_8-22.pdf,2022-08-01
amam,easy_term,NE,41,male,0,30,250000,250000,standard_nt,,60,0.094,148.52,250000,Form_3350_8-22.pdf,2022-08-01
amam,easy_term,NE,41,male,0,30,300000,300000,standard_nt,,60,0.094,177.10,300000,Form_3350_8-22.pdf,2022-08-01
amam,easy_term,NE,41,male,0,30,400000,400000,standard_nt,,60,0.094,234.25,400000,Form_3350_8-22.pdf,2022-08-01
amam,easy_term,NE,41,male,0,30,500000,500000,standard_nt,,60,0.094,291.40,500000,Form_3350_8-22.pdf,2022-08-01
amam,easy_term,NE,41,male,1,30,100000,100000,standard_t,,60,0.094,118.91,100000,Form_3350_8-22.pdf,2022-08-01
amam,easy_term,NE,41,male,1,30,150000,150000,standard_t,,60,0.094,175.55,150000,Form_3350_8-22.pdf,2022-08-01
amam,easy_term,NE,41,male,1,30,200000,200000,standard_t,,60,0.094,232.18,200000,Form_3350_8-22.pdf,2022-08-01
amam,easy_term,NE,41,male,1,30,250000,250000,standard_t,,60,0.094,288.82,250000,Form_3350_8-22.pdf,2022-08-01
amam,easy_term,NE,41,male,1,30,300000,300000,standard_t,,60,0.094,345.45,300000,Form_3350_8-22.pdf,2022-08-01
amam,easy_term,NE,41,male,1,30,400000,400000,standard_t,,60,0.094,458.72,400000,Form_3350_8-22.pdf,2022-08-01
amam,easy_term,NE,41,male,1,30,500000,500000,standard_t,,60,0.094,571.99,500000,Form_3350_8-22.pdf,2022-08-01
amam,easy_term,NE,42,male,0,30,100000,100000,standard_nt,,60,0.094,67.59,100000,Form_3350_8-22.pdf,2022-08-01
amam,easy_term,NE,42,male,0,30,150000,150000,standard_nt,,60,0.094,98.56,150000,Form_3350_8-22.pdf,2022-08-01
amam,easy_term,NE,42,male,0,30,200000,200000,standard_nt,,60,0.094,129.54,200000,Form_3350_8-22.pdf,2022-08-01
amam,easy_term,NE,42,male,0,30,250000,250000,standard_nt,,60,0.094,160.51,250000,Form_3350_8-22.pdf,2022-08-01
amam,easy_term,NE,42,male,0,30,300000,300000,standard_nt,,60,0.094,191.48,300000,Form_3350_8-22.pdf,2022-08-01
amam,easy_term,NE,42,male,0,30,400000,400000,standard_nt,,60,0.094,253.43,400000,Form_3350_8-22.pdf,2022-08-01
amam,easy_term,NE,42,male,0,30,500000,500000,standard_nt,,60,0.094,315.37,500000,Form_3350_8-22.pdf,2022-08-01
amam,easy_term,NE,42,male,1,30,100000,100000,standard_t,,60,0.094,130.01,100000,Form_3350_8-22.pdf,2022-08-01
amam,easy_term,NE,42,male,1,30,150000,150000,standard_t,,60,0.094,192.19,150000,Form_3350_8-22.pdf,2022-08-01
amam,easy_term,NE,42,male,1,30,200000,200000,standard_t,,60,0.094,254.37,200000,Form_3350_8-22.pdf,2022-08-01
amam,easy_term,NE,42,male,1,30,250000,250000,standard_t,,60,0.094,316.55,250000,Form_3350_8-22.pdf,2022-08-01
amam,easy_term,NE,42,male,1,30,300000,300000,standard_t,,60,0.094,378.73,300000,Form_3350_8-22.pdf,2022-08-01
amam,easy_term,NE,42,male,1,30,400000,400000,standard_t,,60,0.094,503.09,400000,Form_3350_8-22.pdf,2022-08-01
amam,easy_term,NE,42,male,1,30,500000,500000,standard_t,,60,0.094,627.45,500000,Form_3350_8-22.pdf,2022-08-01
amam,easy_term,NE,43,male,0,30,100000,100000,standard_nt,,60,0.094,73.04,100000,Form_3350_8-22.pdf,2022-08-01
amam,easy_term,NE,43,male,0,30,150000,150000,standard_nt,,60,0.094,106.74,150000,Form_3350_8-22.pdf,2022-08-01
amam,easy_term,NE,43,male,0,30,200000,200000,standard_nt,,60,0.094,140.44,200000,Form_3350_8-22.pdf,2022-08-01
amam,easy_term,NE,43,male,0,30,250000,250000,standard_nt,,60,0.094,174.14,250000,Form_3350_8-22.pdf,2022-08-01
amam,easy_term,NE,43,male,0,30,300000,300000,standard_nt,,60,0.094,207.84,300000,Form_3350_8-22.pdf,2022-08-01
amam,easy_term,NE,43,male,0,30,400000,400000,standard_nt,,60,0.094,275.24,400000,Form_3350_8-22.pdf,2022-08-01
amam,easy_term,NE,43,male,0,30,500000,500000,standard_nt,,60,0.094,342.63,500000,Form_3350_8-22.pdf,2022-08-01
amam,easy_term,NE,43,male,1,30,100000,100000,standard_t,,60,0.094,142.04,100000,Form_3350_8-22.pdf,2022-08-01
amam,easy_term,NE,43,male,1,30,150000,150000,standard_t,,60,0.094,210.24,150000,Form_3350_8-22.pdf,2022-08-01
amam,easy_term,NE,43,male,1,30,200000,200000,standard_t,,60,0.094,278.43,200000,Form_3350_8-22.pdf,2022-08-01
amam,easy_term,NE,43,male,1,30,250000,250000,standard_t,,60,0.094,346.63,250000,Form_3350_8-22.pdf,2022-08-01
amam,easy_term,NE,43,male,1,30,300000,300000,standard_t,,60,0.094,414.83,300000,Form_3350_8-22.pdf,2022-08-01
amam,easy_term,NE,43,male,1,30,400000,400000,standard_t,,60,0.094,551.22,400000,Form_3350_8-22.pdf,2022-08-01
amam,easy_term,NE,43,male,1,30,500000,500000,standard_t,,60,0.094,687.61,500000,Form_3350_8-22.pdf,2022-08-01
amam,easy_term,NE,44,male,0,30,100000,100000,standard_nt,,60,0.094,78.87,100000,Form_3350_8-22.pdf,2022-08-01
amam,easy_term,NE,44,male,0,30,150000,150000,standard_nt,,60,0.094,115.48,150000,Form_3350_8-22.pdf,2022-08-01
amam,easy_term,NE,44,male,0,30,200000,200000,standard_nt,,60,0.094,152.10,200000,Form_3350_8-22.pdf,2022-08-01
amam,easy_term,NE,44,male,0,30,250000,250000,standard_nt,,60,0.094,188.71,250000,Form_3350_8-22.pdf,2022-08-01
amam,easy_term,NE,44,male,0,30,300000,300000,standard_nt,,60,0.094,225.32,300000,Form_3350_8-22.pdf,2022-08-01
amam,easy_term,NE,44,male,0,30,400000,400000,standard_nt,,60,0.094,298.55,400000,Form_3350_8-22.pdf,2022-08-01
amam,easy_term,NE,44,male,0,30,500000,500000,standard_nt,,60,0.094,371.77,500000,Form_3350_8-22.pdf,2022-08-01
amam,easy_term,NE,44,male,1,30,100000,100000,standard_t,,60,0.094,155.48,100000,Form_3350_8-22.pdf,2022-08-01
amam,easy_term,NE,44,male,1,30,150000,150000,standard_t,,60,0.094,230.40,150000,Form_3350_8-22.pdf,2022-08-01
amam,easy_term,NE,44,male,1,30,200000,200000,standard_t,,60,0.094,305.32,200000,Form_3350_8-22.pdf,2022-08-01
amam,easy_term,NE,44,male,1,30,250000,250000,standard_t,,60,0.094,380.23,250000,Form_3350_8-22.pdf,2022-08-01
amam,easy_term,NE,44,male,1,30,300000,300000,standard_t,,60,0.094,455.15,300000,Form_3350_8-22.pdf,2022-08-01
amam,easy_term,NE,44,male,1,30,400000,400000,standard_t,,60,0.094,604.99,400000,Form_3350_8-22.pdf,2022-08-01
amam,easy_term,NE,44,male,1,30,500000,500000,standard_t,,60,0.094,754.82,500000,Form_3350_8-22.pdf,2022-08-01
amam,easy_term,NE,45,male,0,30,100000,100000,standard_nt,,60,0.094,85.36,100000,Form_3350_8-22.pdf,2022-08-01
amam,easy_term,NE,45,male,0,30,150000,150000,standard_nt,,60,0.094,125.21,150000,Form_3350_8-22.pdf,2022-08-01
amam,easy_term,NE,45,male,0,30,200000,200000,standard_nt,,60,0.094,165.07,200000,Form_3350_8-22.pdf,2022-08-01
amam,easy_term,NE,45,male,0,30,250000,250000,standard_nt,,60,0.094,204.92,250000,Form_3350_8-22.pdf,2022-08-01
amam,easy_term,NE,45,male,0,30,300000,300000,standard_nt,,60,0.094,244.78,300000,Form_3350_8-22.pdf,2022-08-01
amam,easy_term,NE,45,male,0,30,400000,400000,standard_nt,,60,0.094,324.49,400000,Form_3350_8-22.pdf,2022-08-01
amam,easy_term,NE,45,male,0,30,500000,500000,standard_nt,,60,0.094,404.20,500000,Form_3350_8-22.pdf,2022-08-01
amam,easy_term,NE,45,male,1,30,100000,100000,standard_t,,60,0.094,170.33,100000,Form_3350_8-22.pdf,2022-08-01
amam,easy_term,NE,45,male,1,30,150000,150000,standard_t,,60,0.094,252.68,150000,Form_3350_8-22.pdf,2022-08-01
amam,easy_term,NE,45,male,1,30,200000,200000,standard_t,,60,0.094,335.02,200000,Form_3350_8-22.pdf,2022-08-01
amam,easy_term,NE,45,male,1,30,250000,250000,standard_t,,60,0.094,417.36,250000,Form_3350_8-22.pdf,2022-08-01
amam,easy_term,NE,45,male,1,30,300000,300000,standard_t,,60,0.094,499.71,300000,Form_3350_8-22.pdf,2022-08-01
amam,easy_term,NE,45,male,1,30,400000,400000,standard_t,,60,0.094,664.40,400000,Form_3350_8-22.pdf,2022-08-01
amam,easy_term,NE,45,male,1,30,500000,500000,standard_t,,60,0.094,829.08,500000,Form_3350_8-22.pdf,2022-08-01
amam,easy_term,NE,46,male,0,30,100000,100000,standard_nt,,60,0.094,92.78,100000,Form_3350_8-22.pdf,2022-08-01
amam,easy_term,NE,46,male,0,30,150000,150000,standard_nt,,60,0.094,136.35,150000,Form_3350_8-22.pdf,2022-08-01
amam,easy_term,NE,46,male,0,30,200000,200000,standard_nt,,60,0.094,179.92,200000,Form_3350_8-22.pdf,2022-08-01
amam,easy_term,NE,46,male,0,30,250000,250000,standard_nt,,60,0.094,223.49,250000,Form_3350_8-22.pdf,2022-08-01
amam,easy_term,NE,46,male,0,30,300000,300000,standard_nt,,60,0.094,267.06,300000,Form_3350_8-22.pdf,2022-08-01
amam,easy_term,NE,46,male,1,30,100000,100000,standard_t,,60,0.094,186.78,100000,Form_3350_8-22.pdf,2022-08-01
amam,easy_term,NE,46,male,1,30,150000,150000,standard_t,,60,0.094,277.35,150000,Form_3350_8-22.pdf,2022-08-01
amam,easy_term,NE,46,male,1,30,200000,200000,standard_t,,60,0.094,367.92,200000,Form_3350_8-22.pdf,2022-08-01
amam,easy_term,NE,46,male,1,30,250000,250000,standard_t,,60,0.094,458.49,250000,Form_3350_8-22.pdf,2022-08-01
amam,easy_term,NE,46,male,1,30,300000,300000,standard_t,,60,0.094,549.06,300000,Form_3350_8-22.pdf,2022-08-01
amam,easy_term,NE,47,male,0,30,100000,100000,standard_nt,,60,0.094,101.05,100000,Form_3350_8-22.pdf,2022-08-01
amam,easy_term,NE,47,male,0,30,150000,150000,standard_nt,,60,0.094,148.76,150000,Form_3350_8-22.pdf,2022-08-01
amam,easy_term,NE,47,male,0,30,200000,200000,standard_nt,,60,0.094,196.46,200000,Form_3350_8-22.pdf,2022-08-01
amam,easy_term,NE,47,male,0,30,250000,250000,standard_nt,,60,0.094,244.17,250000,Form_3350_8-22.pdf,2022-08-01
amam,easy_term,NE,47,male,0,30,300000,300000,standard_nt,,60,0.094,291.87,300000,Form_3350_8-22.pdf,2022-08-01
amam,easy_term,NE,47,male,1,30,100000,100000,standard_t,,60,0.094,204.83,100000,Form_3350_8-22.pdf,2022-08-01
amam,easy_term,NE,47,male,1,30,150000,150000,standard_t,,60,0.094,304.42,150000,Form_3350_8-22.pdf,2022-08-01
amam,easy_term,NE,47,male,1,30,200000,200000,standard_t,,60,0.094,404.02,200000,Form_3350_8-22.pdf,2022-08-01
amam,easy_term,NE,47,male,1,30,250000,250000,standard_t,,60,0.094,503.61,250000,Form_3350_8-22.pdf,2022-08-01
amam,easy_term,NE,47,male,1,30,300000,300000,standard_t,,60,0.094,603.20,300000,Form_3350_8-22.pdf,2022-08-01
amam,easy_term,NE,48,male,0,30,100000,100000,standard_nt,,60,0.094,110.17,100000,Form_3350_8-22.pdf,2022-08-01
amam,easy_term,NE,48,male,0,30,150000,150000,standard_nt,,60,0.094,162.44,150000,Form_3350_8-22.pdf,2022-08-01
amam,easy_term,NE,48,male,0,30,200000,200000,standard_nt,,60,0.094,214.70,200000,Form_3350_8-22.pdf,2022-08-01
amam,easy_term,NE,48,male,0,30,250000,250000,standard_nt,,60,0.094,266.96,250000,Form_3350_8-22.pdf,2022-08-01
amam,easy_term,NE,48,male,0,30,300000,300000,standard_nt,,60,0.094,319.23,300000,Form_3350_8-22.pdf,2022-08-01
amam,easy_term,NE,48,male,1,30,100000,100000,standard_t,,60,0.094,224.95,100000,Form_3350_8-22.pdf,2022-08-01
amam,easy_term,NE,48,male,1,30,150000,150000,standard_t,,60,0.094,334.60,150000,Form_3350_8-22.pdf,2022-08-01
amam,easy_term,NE,48,male,1,30,200000,200000,standard_t,,60,0.094,444.25,200000,Form_3350_8-22.pdf,2022-08-01
amam,easy_term,NE,48,male,1,30,250000,250000,standard_t,,60,0.094,553.90,250000,Form_3350_8-22.pdf,2022-08-01
amam,easy_term,NE,48,male,1,30,300000,300000,standard_t,,60,0.094,663.55,300000,Form_3350_8-22.pdf,2022-08-01
amam,easy_term,NE,49,male,0,30,100000,100000,standard_nt,,60,0.094,120.04,100000,Form_3350_8-22.pdf,2022-08-01
amam,easy_term,NE,49,male,0,30,150000,150000,standard_nt,,60,0.094,177.24,150000,Form_3350_8-22.pdf,2022-08-01
amam,easy_term,NE,49,male,0,30,200000,200000,standard_nt,,60,0.094,234.44,200000,Form_3350_8-22.pdf,2022-08-01
amam,easy_term,NE,49,male,0,30,250000,250000,standard_nt,,60,0.094,291.64,250000,Form_3350_8-22.pdf,2022-08-01
amam,easy_term,NE,49,male,0,30,300000,300000,standard_nt,,60,0.094,348.84,300000,Form_3350_8-22.pdf,2022-08-01
amam,easy_term,NE,49,male,1,30,100000,100000,standard_t,,60,0.094,247.13,100000,Form_3350_8-22.pdf,2022-08-01
amam,easy_term,NE,49,male,1,30,150000,150000,standard_t,,60,0.094,367.87,150000,Form_3350_8-22.pdf,2022-08-01
amam,easy_term,NE,49,male,1,30,200000,200000,standard_t,,60,0.094,488.62,200000,Form_3350_8-22.pdf,2022-08-01
amam,easy_term,NE,49,male,1,30,250000,250000,standard_t,,60,0.094,609.36,250000,Form_3350_8-22.pdf,2022-08-01
amam,easy_term,NE,49,male,1,30,300000,300000,standard_t,,60,0.094,730.10,300000,Form_3350_8-22.pdf,2022-08-01
amam,easy_term,NE,50,male,0,30,100000,100000,standard_nt,,60,0.094,131.13,100000,Form_3350_8-22.pdf,2022-08-01
amam,easy_term,NE,50,male,0,30,150000,150000,standard_nt,,60,0.094,193.88,150000,Form_3350_8-22.pdf,2022-08-01
amam,easy_term,NE,50,male,0,30,200000,200000,standard_nt,,60,0.094,256.62,200000,Form_3350_8-22.pdf,2022-08-01
amam,easy_term,NE,50,male,0,30,250000,250000,standard_nt,,60,0.094,319.37,250000,Form_3350_8-22.pdf,2022-08-01
amam,easy_term,NE,50,male,0,30,300000,300000,standard_nt,,60,0.094,382.11,300000,Form_3350_8-22.pdf,2022-08-01
amam,easy_term,NE,50,male,1,30,100000,100000,standard_t,,60,0.094,271.38,100000,Form_3350_8-22.pdf,2022-08-01
amam,easy_term,NE,50,male,1,30,150000,150000,standard_t,,60,0.094,404.25,150000,Form_3350_8-22.pdf,2022-08-01
amam,easy_term,NE,50,male,1,30,200000,200000,standard_t,,60,0.094,537.12,200000,Form_3350_8-22.pdf,2022-08-01
amam,easy_term,NE,50,male,1,30,250000,250000,standard_t,,60,0.094,669.99,250000,Form_3350_8-22.pdf,2022-08-01
amam,easy_term,NE,50,male,1,30,300000,300000,standard_t,,60,0.094,802.86,300000,Form_3350_8-22.pdf,2022-08-01
amam,easy_term,NE,51,male,0,30,100000,100000,standard_nt,,60,0.094,153.22,100000,Form_3350_8-22.pdf,2022-08-01
amam,easy_term,NE,51,male,0,30,150000,150000,standard_nt,,60,0.094,227.01,150000,Form_3350_8-22.pdf,2022-08-01
amam,easy_term,NE,51,male,0,30,200000,200000,standard_nt,,60,0.094,300.80,200000,Form_3350_8-22.pdf,2022-08-01
amam,easy_term,NE,51,male,0,30,250000,250000,standard_nt,,60,0.094,374.59,250000,Form_3350_8-22.pdf,2022-08-01
amam,easy_term,NE,51,male,0,30,300000,300000,standard_nt,,60,0.094,448.38,300000,Form_3350_8-22.pdf,2022-08-01
amam,easy_term,NE,51,male,1,30,100000,100000,standard_t,,60,0.094,319.42,100000,Form_3350_8-22.pdf,2022-08-01
amam,easy_term,NE,51,male,1,30,150000,150000,standard_t,,60,0.094,476.30,150000,Form_3350_8-22.pdf,2022-08-01
amam,easy_term,NE,51,male,1,30,200000,200000,standard_t,,60,0.094,633.19,200000,Form_3350_8-22.pdf,2022-08-01
amam,easy_term,NE,51,male,1,30,250000,250000,standard_t,,60,0.094,790.07,250000,Form_3350_8-22.pdf,2022-08-01
amam,easy_term,NE,51,male,1,30,300000,300000,standard_t,,60,0.094,946.96,300000,Form_3350_8-22.pdf,2022-08-01
amam,easy_term,NE,52,male,0,30,100000,100000,standard_nt,,60,0.094,179.64,100000,Form_3350_8-22.pdf,2022-08-01
amam,easy_term,NE,52,male,0,30,150000,150000,standard_nt,,60,0.094,266.64,150000,Form_3350_8-22.pdf,2022-08-01
amam,easy_term,NE,52,male,0,30,200000,200000,standard_nt,,60,0.094,353.63,200000,Form_3350_8-22.pdf,2022-08-01
amam,easy_term,NE,52,male,0,30,250000,250000,standard_nt,,60,0.094,440.63,250000,Form_3350_8-22.pdf,2022-08-01
amam,easy_term,NE,52,male,0,30,300000,300000,standard_nt,,60,0.094,527.63,300000,Form_3350_8-22.pdf,2022-08-01
amam,easy_term,NE,52,male,1,30,100000,100000,standard_t,,60,0.094,376.94,100000,Form_3350_8-22.pdf,2022-08-01
amam,easy_term,NE,52,male,1,30,150000,150000,standard_t,,60,0.094,562.59,150000,Form_3350_8-22.pdf,2022-08-01
amam,easy_term,NE,52,male,1,30,200000,200000,standard_t,,60,0.094,748.24,200000,Form_3350_8-22.pdf,2022-08-01
amam,easy_term,NE,52,male,1,30,250000,250000,standard_t,,60,0.094,933.89,250000,Form_3350_8-22.pdf,2022-08-01
amam,easy_term,NE,52,male,1,30,300000,300000,standard_t,,60,0.094,1119.54,300000,Form_3350_8-22.pdf,2022-08-01
amam,easy_term,NE,53,male,0,30,100000,100000,standard_nt,,60,0.094,211.03,100000,Form_3350_8-22.pdf,2022-08-01
amam,easy_term,NE,53,male,0,30,150000,150000,standard_nt,,60,0.094,313.73,150000,Form_3350_8-22.pdf,2022-08-01
amam,easy_term,NE,53,male,0,30,200000,200000,standard_nt,,60,0.094,416.42,200000,Form_3350_8-22.pdf,2022-08-01
amam,easy_term,NE,53,male,0,30,250000,250000,standard_nt,,60,0.094,519.12,250000,Form_3350_8-22.pdf,2022-08-01
amam,easy_term,NE,53,male,0,30,300000,300000,standard_nt,,60,0.094,621.81,300000,Form_3350_8-22.pdf,2022-08-01
amam,easy_term,NE,53,male,1,30,100000,100000,standard_t,,60,0.094,445.09,100000,Form_3350_8-22.pdf,2022-08-01
amam,easy_term,NE,53,male,1,30,150000,150000,standard_t,,60,0.094,664.82,150000,Form_3350_8-22.pdf,2022-08-01
amam,easy_term,NE,53,male,1,30,200000,200000,standard_t,,60,0.094,884.54,200000,Form_3350_8-22.pdf,2022-08-01
amam,easy_term,NE,53,male,1,30,300000,300000,standard_t,,60,0.094,1323.99,300000,Form_3350_8-22.pdf,2022-08-01
